-0.0199999880 0.3499999563
-0.0199999880 0.3491303294
-0.0199999880 0.3482607025
-0.0199999880 0.3473910756
-0.0199999880 0.3465214487
-0.0199999880 0.3456518218
-0.0199999880 0.3447821948
-0.0199999880 0.3439125679
-0.0199999880 0.3430429410
-0.0199999880 0.3421733141
-0.0199999880 0.3413036872
-0.0199999880 0.3404340603
-0.0199999880 0.3395644334
-0.0199999880 0.3386948065
-0.0199999880 0.3378251796
-0.0199999880 0.3369555527
-0.0199999880 0.3360859258
-0.0199999880 0.3352162989
-0.0199999880 0.3343466720
-0.0199999880 0.3334770451
-0.0199999880 0.3326074182
-0.0199999880 0.3317377913
-0.0199999880 0.3308681644
-0.0199999880 0.3299985375
-0.0199999880 0.3291289106
-0.0199999880 0.3282592837
-0.0199999880 0.3273896568
-0.0199999880 0.3265200299
-0.0199999880 0.3256504030
-0.0199999880 0.3247807761
-0.0199999880 0.3239111492
-0.0199999880 0.3230415223
-0.0199999880 0.3221718954
-0.0199999880 0.3213022685
-0.0199999880 0.3204326416
-0.0199999880 0.3195630147
-0.0199999880 0.3186933878
-0.0199999880 0.3178237609
-0.0199999880 0.3169541340
-0.0199999880 0.3160845071
-0.0199999880 0.3152148802
-0.0199999880 0.3143452532
-0.0199999880 0.3134756263
-0.0199999880 0.3126059994
-0.0199999880 0.3117363725
-0.0199999880 0.3108667456
-0.0199999880 0.3099971187
-0.0199999880 0.3091274918
-0.0199999880 0.3082578649
-0.0199999880 0.3073882380
-0.0199999880 0.3065186111
-0.0199999880 0.3056489842
-0.0199999880 0.3047793573
-0.0199999880 0.3039097304
-0.0199999880 0.3030401035
-0.0199999880 0.3021704766
-0.0199999880 0.3013008497
-0.0199999880 0.3004312228
-0.0199999880 0.2995615959
-0.0199999880 0.2986919690
-0.0199999880 0.2978223421
-0.0199999880 0.2969527152
-0.0199999880 0.2960830883
-0.0199999880 0.2952134614
-0.0199999880 0.2943438345
-0.0199999880 0.2934742076
-0.0199999880 0.2926045807
-0.0199999880 0.2917349538
-0.0199999880 0.2908653269
-0.0199999880 0.2899957000
-0.0199999880 0.2891260731
-0.0199999880 0.2882564462
-0.0199999880 0.2873868193
-0.0199999880 0.2865171924
-0.0199999880 0.2856475655
-0.0199999880 0.2847779386
-0.0199999880 0.2839083116
-0.0199999880 0.2830386847
-0.0199999880 0.2821690578
-0.0199999880 0.2812994309
-0.0199999880 0.2804298040
-0.0199999880 0.2795601771
-0.0199999880 0.2786905502
-0.0199999880 0.2778209233
-0.0199999880 0.2769512964
-0.0199999880 0.2760816695
-0.0199999880 0.2752120426
-0.0199999880 0.2743424157
-0.0199999880 0.2734727888
-0.0199999880 0.2726031619
-0.0199999880 0.2717335350
-0.0199999880 0.2708639081
-0.0199999880 0.2699942812
-0.0199999880 0.2691246543
-0.0199999880 0.2682550274
-0.0199999880 0.2673854005
-0.0199999880 0.2665157736
-0.0199999880 0.2656461467
-0.0199999880 0.2647765198
-0.0199999880 0.2639068929
-0.0199999880 0.2630372660
-0.0199999880 0.2621676391
-0.0199999880 0.2612980122
-0.0199999880 0.2604283853
-0.0199999880 0.2595587584
-0.0199999880 0.2586891315
-0.0199999880 0.2578195046
-0.0199999880 0.2569498777
-0.0199999880 0.2560802508
-0.0199999880 0.2552106239
-0.0199999880 0.2543409970
-0.0199999880 0.2534713700
-0.0199999880 0.2526017431
-0.0199999880 0.2517321162
-0.0199999880 0.2508624893
-0.0199949720 0.2499949402
-0.0193800529 0.2493800211
-0.0187651338 0.2487651020
-0.0181502147 0.2481501829
-0.0175352956 0.2475352639
-0.0169203766 0.2469203448
-0.0163054575 0.2463054257
-0.0156905384 0.2456905066
-0.0150756193 0.2450755875
-0.0144607002 0.2444606685
-0.0138457812 0.2438457494
-0.0132308621 0.2432308303
-0.0126159430 0.2426159112
-0.0120010239 0.2420009921
-0.0113861048 0.2413860730
-0.0107711858 0.2407711540
-0.0101562667 0.2401562349
-0.0099999880 0.2393513407
-0.0099999880 0.2384817138
-0.0099999880 0.2376120869
-0.0099999880 0.2367424600
-0.0099999880 0.2358728331
-0.0099999880 0.2350032062
-0.0099999880 0.2341335793
-0.0099999880 0.2332639524
-0.0099999880 0.2323943255
-0.0099999880 0.2315246986
-0.0099999880 0.2306550717
-0.0099999880 0.2297854448
-0.0099999880 0.2289158179
-0.0099999880 0.2280461910
-0.0099999880 0.2271765641
-0.0099999880 0.2263069372
-0.0099999880 0.2254373103
-0.0099999880 0.2245676834
-0.0099999880 0.2236980565
-0.0099999880 0.2228284296
-0.0099999880 0.2219588027
-0.0099999880 0.2210891758
-0.0099999880 0.2202195488
-0.0099999880 0.2193499219
-0.0099999880 0.2184802950
-0.0099999880 0.2176106681
-0.0099999880 0.2167410412
-0.0099999880 0.2158714143
-0.0099999880 0.2150017874
-0.0099999880 0.2141321605
-0.0099999880 0.2132625336
-0.0099999880 0.2123929067
-0.0099999880 0.2115232798
-0.0099999880 0.2106536529
-0.0099999880 0.2097840260
-0.0099999880 0.2089143991
-0.0099999880 0.2080447722
-0.0099999880 0.2071751453
-0.0099999880 0.2063055184
-0.0099999880 0.2054358915
-0.0099999880 0.2045662646
-0.0099999880 0.2036966377
-0.0099999880 0.2028270108
-0.0099999880 0.2019573839
-0.0099999880 0.2010877570
-0.0099999880 0.2002181301
-0.0106514411 0.1999999563
-0.0115210680 0.1999999563
-0.0123906949 0.1999999563
-0.0132603218 0.1999999563
-0.0141299487 0.1999999563
-0.0149995756 0.1999999563
-0.0158692026 0.1999999563
-0.0167388295 0.1999999563
-0.0176084564 0.1999999563
-0.0184780833 0.1999999563
-0.0193477102 0.1999999563
-0.0202173371 0.1999999563
-0.0210869640 0.1999999563
-0.0219565909 0.1999999563
-0.0228262178 0.1999999563
-0.0236958447 0.1999999563
-0.0245654716 0.1999999563
-0.0254350985 0.1999999563
-0.0263047254 0.1999999563
-0.0271743523 0.1999999563
-0.0280439792 0.1999999563
-0.0289136061 0.1999999563
-0.0297832330 0.1999999563
-0.0306528599 0.1999999563
-0.0315224868 0.1999999563
-0.0323921137 0.1999999563
-0.0332617406 0.1999999563
-0.0341313675 0.1999999563
-0.0350009944 0.1999999563
-0.0358706213 0.1999999563
-0.0367402482 0.1999999563
-0.0376098751 0.1999999563
-0.0384795020 0.1999999563
-0.0393491289 0.1999999563
-0.0402187558 0.1999999563
-0.0410883827 0.1999999563
-0.0419580096 0.1999999563
-0.0428276365 0.1999999563
-0.0436972634 0.1999999563
-0.0445668903 0.1999999563
-0.0454365172 0.1999999563
-0.0463061442 0.1999999563
-0.0471757711 0.1999999563
-0.0480453980 0.1999999563
-0.0489150249 0.1999999563
-0.0497846518 0.1999999563
-0.0506542787 0.1999999563
-0.0515239056 0.1999999563
-0.0523935325 0.1999999563
-0.0532631594 0.1999999563
-0.0541327863 0.1999999563
-0.0550024132 0.1999999563
-0.0558720401 0.1999999563
-0.0567416670 0.1999999563
-0.0576112939 0.1999999563
-0.0584809208 0.1999999563
-0.0593505477 0.1999999563
-0.0602201746 0.1999999563
-0.0610898015 0.1999999563
-0.0619594284 0.1999999563
-0.0628290553 0.1999999563
-0.0636986822 0.1999999563
-0.0645683091 0.1999999563
-0.0654379360 0.1999999563
-0.0663075629 0.1999999563
-0.0671771898 0.1999999563
-0.0680468167 0.1999999563
-0.0689164436 0.1999999563
-0.0697860705 0.1999999563
-0.0706556974 0.1999999563
-0.0715253243 0.1999999563
-0.0723949512 0.1999999563
-0.0732645781 0.1999999563
-0.0741342050 0.1999999563
-0.0750038319 0.1999999563
-0.0758734588 0.1999999563
-0.0767430858 0.1999999563
-0.0776127127 0.1999999563
-0.0784823396 0.1999999563
-0.0793519665 0.1999999563
-0.0802215934 0.1999999563
-0.0810912203 0.1999999563
-0.0819608472 0.1999999563
-0.0828304741 0.1999999563
-0.0837001010 0.1999999563
-0.0845697279 0.1999999563
-0.0854393548 0.1999999563
-0.0863089817 0.1999999563
-0.0871786086 0.1999999563
-0.0880482355 0.1999999563
-0.0889178624 0.1999999563
-0.0897874893 0.1999999563
-0.0906571162 0.1999999563
-0.0915267431 0.1999999563
-0.0923963700 0.1999999563
-0.0932659969 0.1999999563
-0.0941356238 0.1999999563
-0.0950052507 0.1999999563
-0.0958748776 0.1999999563
-0.0967445045 0.1999999563
-0.0976141314 0.1999999563
-0.0984837583 0.1999999563
-0.0993533852 0.1999999563
-0.0999999880 0.1997769322
-0.0999999880 0.1989073053
-0.0999999880 0.1980376784
-0.0999999880 0.1971680515
-0.0999999880 0.1962984246
-0.0999999880 0.1954287977
-0.0999999880 0.1945591708
-0.0999999880 0.1936895439
-0.0999999880 0.1928199170
-0.0999999880 0.1919502901
-0.0999999880 0.1910806632
-0.0999999880 0.1902110363
-0.0999999880 0.1893414094
-0.0999999880 0.1884717824
-0.0999999880 0.1876021555
-0.0999999880 0.1867325286
-0.0999999880 0.1858629017
-0.0999999880 0.1849932748
-0.0999999880 0.1841236479
-0.0999999880 0.1832540210
-0.0999999880 0.1823843941
-0.0999999880 0.1815147672
-0.0999999880 0.1806451403
-0.0999999880 0.1797755134
-0.0999999880 0.1789058865
-0.0999999880 0.1780362596
-0.0999999880 0.1771666327
-0.0999999880 0.1762970058
-0.0999999880 0.1754273789
-0.0999999880 0.1745577520
-0.0999999880 0.1736881251
-0.0999999880 0.1728184982
-0.0999999880 0.1719488713
-0.0999999880 0.1710792444
-0.0999999880 0.1702096175
-0.0999999880 0.1693399906
-0.0999999880 0.1684703637
-0.0999999880 0.1676007368
-0.0999999880 0.1667311099
-0.0999999880 0.1658614830
-0.0999999880 0.1649918561
-0.0999999880 0.1641222292
-0.0999999880 0.1632526023
-0.0999999880 0.1623829754
-0.0999999880 0.1615133485
-0.0999999880 0.1606437216
-0.0999999880 0.1597740947
-0.0999999880 0.1589044678
-0.0999999880 0.1580348408
-0.0999999880 0.1571652139
-0.0999999880 0.1562955870
-0.0999999880 0.1554259601
-0.0999999880 0.1545563332
-0.0999999880 0.1536867063
-0.0999999880 0.1528170794
-0.0999999880 0.1519474525
-0.0999999880 0.1510778256
-0.0999999880 0.1502081987
-0.0999999880 0.1493385718
-0.0999999880 0.1484689449
-0.0999999880 0.1475993180
-0.0999999880 0.1467296911
-0.0999999880 0.1458600642
-0.0999999880 0.1449904373
-0.0999999880 0.1441208104
-0.0999999880 0.1432511835
-0.0999999880 0.1423815566
-0.0999999880 0.1415119297
-0.0999999880 0.1406423028
-0.0999999880 0.1397726759
-0.0999999880 0.1389030490
-0.0999999880 0.1380334221
-0.0999999880 0.1371637952
-0.0999999880 0.1362941683
-0.0999999880 0.1354245414
-0.0999999880 0.1345549145
-0.0999999880 0.1336852876
-0.0999999880 0.1328156607
-0.0999999880 0.1319460338
-0.0999999880 0.1310764069
-0.0999999880 0.1302067800
-0.0999999880 0.1293371531
-0.0999999880 0.1284675262
-0.0999999880 0.1275978992
-0.0999999880 0.1267282723
-0.0999999880 0.1258586454
-0.0999999880 0.1249890185
-0.0999999880 0.1241193916
-0.0999999880 0.1232497647
-0.0999999880 0.1223801378
-0.0999999880 0.1215105109
-0.0999999880 0.1206408840
-0.0999999880 0.1197712571
-0.0999999880 0.1189016302
-0.0999999880 0.1180320033
-0.0999999880 0.1171623764
-0.0999999880 0.1162927495
-0.0999999880 0.1154231226
-0.0999999880 0.1145534957
-0.0999999880 0.1136838688
-0.0999999880 0.1128142419
-0.0999999880 0.1119446150
-0.0999999880 0.1110749881
-0.0999999880 0.1102053612
-0.0999999880 0.1093357343
-0.0999999880 0.1084661074
-0.0999999880 0.1075964805
-0.0999999880 0.1067268536
-0.0999999880 0.1058572267
-0.0999999880 0.1049875998
-0.0999999880 0.1041179729
-0.0999999880 0.1032483460
-0.0999999880 0.1023787191
-0.0999999880 0.1015090922
-0.0999999880 0.1006394653
-0.0999999880 0.0997698384
-0.0999999880 0.0989002115
-0.0999999880 0.0980305846
-0.0999999880 0.0971609576
-0.0999999880 0.0962913307
-0.0999999880 0.0954217038
-0.0999999880 0.0945520769
-0.0999999880 0.0936824500
-0.0999999880 0.0928128231
-0.0999999880 0.0919431962
-0.0999999880 0.0910735693
-0.0999999880 0.0902039424
-0.0999999880 0.0893343155
-0.0999999880 0.0884646886
-0.0999999880 0.0875950617
-0.0999999880 0.0867254348
-0.0999999880 0.0858558079
-0.0999999880 0.0849861810
-0.0999999880 0.0841165541
-0.0999999880 0.0832469272
-0.0999999880 0.0823773003
-0.0999999880 0.0815076734
-0.0999999880 0.0806380465
-0.0999999880 0.0797684196
-0.0999999880 0.0788987927
-0.0999999880 0.0780291658
-0.0999999880 0.0771595389
-0.0999999880 0.0762899120
-0.0999999880 0.0754202851
-0.0999999880 0.0745506582
-0.0999999880 0.0736810313
-0.0999999880 0.0728114044
-0.0999999880 0.0719417775
-0.0999999880 0.0710721506
-0.0999999880 0.0702025237
-0.0999999880 0.0693328968
-0.0999999880 0.0684632699
-0.0999999880 0.0675936430
-0.0999999880 0.0667240160
-0.0999999880 0.0658543891
-0.0999999880 0.0649847622
-0.0999999880 0.0641151353
-0.0999999880 0.0632455084
-0.0999999880 0.0623758815
-0.0999999880 0.0615062546
-0.0999999880 0.0606366277
-0.0999999880 0.0597670008
-0.0999999880 0.0588973739
-0.0999999880 0.0580277470
-0.0999999880 0.0571581201
-0.0999999880 0.0562884932
-0.0999999880 0.0554188663
-0.0999999880 0.0545492394
-0.0999999880 0.0536796125
-0.0999999880 0.0528099856
-0.0999999880 0.0519403587
-0.0999999880 0.0510707318
-0.0999999880 0.0502011049
-0.0999999880 0.0493314780
-0.0999999880 0.0484618511
-0.0999999880 0.0475922242
-0.0999999880 0.0467225973
-0.0999999880 0.0458529704
-0.0999999880 0.0449833435
-0.0999999880 0.0441137166
-0.0999999880 0.0432440897
-0.1007498863 0.0431243610
-0.1016195132 0.0431243610
-0.1024891401 0.0431243610
-0.1033587670 0.0431243610
-0.1042283939 0.0431243610
-0.1050980208 0.0431243610
-0.1059676477 0.0431243610
-0.1068372746 0.0431243610
-0.1077069015 0.0431243610
-0.1085765284 0.0431243610
-0.1094461553 0.0431243610
-0.1103157822 0.0431243610
-0.1111854091 0.0431243610
-0.1120550360 0.0431243610
-0.1129246629 0.0431243610
-0.1137942898 0.0431243610
-0.1146639167 0.0431243610
-0.1155335436 0.0431243610
-0.1164031705 0.0431243610
-0.1172727975 0.0431243610
-0.1181424244 0.0431243610
-0.1190120513 0.0431243610
-0.1198816782 0.0431243610
-0.1207513051 0.0431243610
-0.1216209320 0.0431243610
-0.1224905589 0.0431243610
-0.1233601858 0.0431243610
-0.1242298127 0.0431243610
-0.1250994396 0.0431243610
-0.1259690665 0.0431243610
-0.1268386934 0.0431243610
-0.1277083203 0.0431243610
-0.1285778992 0.0431305752
-0.1294468708 0.0431633367
-0.1303143277 0.0432241939
-0.1311793616 0.0433130830
-0.1320410670 0.0434299111
-0.1328985417 0.0435745557
-0.1337508880 0.0437468656
-0.1345972137 0.0439466602
-0.1354366325 0.0441737305
-0.1362682659 0.0444278386
-0.1370912430 0.0447087186
-0.1379047024 0.0450160764
-0.1387077924 0.0453495902
-0.1394996722 0.0457089109
-0.1402795128 0.0460936623
-0.1410464977 0.0465034415
-0.1417998241 0.0469378197
-0.1425387032 0.0473963419
-0.1432623615 0.0478785282
-0.1439700413 0.0483838739
-0.1446610019 0.0489118497
-0.1453345197 0.0494619030
-0.1459898898 0.0500334580
-0.1466264260 0.0506259161
-0.1472434618 0.0512386573
-0.1478403513 0.0518710400
-0.1484164697 0.0525224021
-0.1489712137 0.0531920618
-0.1495040025 0.0538793179
-0.1500142785 0.0545834510
-0.1505015074 0.0553037239
-0.1509651791 0.0560393824
-0.1514048081 0.0567896566
-0.1518199343 0.0575537608
-0.1522101229 0.0583308951
-0.1525749656 0.0591202460
-0.1529140804 0.0599209870
-0.1532271122 0.0607322798
-0.1535137333 0.0615532751
-0.1537736437 0.0623831134
-0.1540065712 0.0632209259
-0.1542122720 0.0640658354
-0.1543905307 0.0649169575
-0.1545411608 0.0657734011
-0.1546640045 0.0666342694
-0.1547589332 0.0674986614
-0.1548258475 0.0683656721
-0.1548646774 0.0692343937
-0.1548755833 0.0701039170
-0.1548755833 0.0709735439
-0.1548755833 0.0718431708
-0.1548755833 0.0727127977
-0.1548755833 0.0735824246
-0.1548755833 0.0744520515
-0.1548755833 0.0753216784
-0.1548755833 0.0761913053
-0.1548755833 0.0770609322
-0.1548755833 0.0779305591
-0.1548755833 0.0788001860
-0.1548755833 0.0796698129
-0.1548755833 0.0805394398
-0.1548755833 0.0814090667
-0.1548755833 0.0822786936
-0.1548755833 0.0831483205
-0.1548755833 0.0840179474
-0.1548755833 0.0848875744
-0.1548755833 0.0857572013
-0.1548755833 0.0866268282
-0.1548755833 0.0874964551
-0.1548755833 0.0883660820
-0.1548755833 0.0892357089
-0.1548755833 0.0901053358
-0.1548755833 0.0909749627
-0.1548755833 0.0918445896
-0.1548755833 0.0927142165
-0.1548755833 0.0935838434
-0.1548755833 0.0944534703
-0.1548755833 0.0953230972
-0.1548755833 0.0961927241
-0.1548755833 0.0970623510
-0.1548755833 0.0979319779
-0.1548755833 0.0988016048
-0.1548755833 0.0996712317
-0.1548755833 0.1005408586
-0.1548755833 0.1014104855
-0.1548755833 0.1022801124
-0.1548755833 0.1031497393
-0.1548755833 0.1040193662
-0.1548755833 0.1048889931
-0.1548755833 0.1057586200
-0.1548755833 0.1066282469
-0.1548755833 0.1074978738
-0.1548755833 0.1083675007
-0.1548755833 0.1092371276
-0.1548755833 0.1101067545
-0.1548755833 0.1109763814
-0.1548755833 0.1118460083
-0.1548755833 0.1127156352
-0.1548755833 0.1135852621
-0.1548755833 0.1144548890
-0.1548755833 0.1153245160
-0.1548755833 0.1161941429
-0.1548755833 0.1170637698
-0.1548755833 0.1179333967
-0.1548755833 0.1188030236
-0.1548755833 0.1196726505
-0.1548755833 0.1205422774
-0.1548755833 0.1214119043
-0.1548755833 0.1222815312
-0.1548755833 0.1231511581
-0.1548755833 0.1240207850
-0.1548755833 0.1248904119
-0.1548755833 0.1257600388
-0.1548755833 0.1266296657
-0.1548755833 0.1274992926
-0.1548755833 0.1283689195
-0.1548755833 0.1292385464
-0.1548755833 0.1301081733
-0.1548755833 0.1309778002
-0.1548755833 0.1318474271
-0.1548755833 0.1327170540
-0.1548755833 0.1335866809
-0.1548755833 0.1344563078
-0.1548755833 0.1353259347
-0.1548755833 0.1361955616
-0.1548755833 0.1370651885
-0.1548755833 0.1379348154
-0.1548755833 0.1388044423
-0.1548755833 0.1396740692
-0.1548755833 0.1405436961
-0.1548755833 0.1414133230
-0.1548755833 0.1422829499
-0.1548755833 0.1431525768
-0.1548755833 0.1440222037
-0.1548755833 0.1448918306
-0.1548755833 0.1457614576
-0.1548755833 0.1466310845
-0.1548755833 0.1475007114
-0.1548755833 0.1483703383
-0.1548755833 0.1492399652
-0.1548755833 0.1501095921
-0.1548755833 0.1509792190
-0.1548755833 0.1518488459
-0.1548755833 0.1527184728
-0.1548755833 0.1535880997
-0.1548755833 0.1544577266
-0.1548755833 0.1553273535
-0.1548755833 0.1561969804
-0.1548755833 0.1570666073
-0.1548755833 0.1579362342
-0.1548755833 0.1588058611
-0.1548755833 0.1596754880
-0.1548755833 0.1605451149
-0.1548755833 0.1614147418
-0.1548755833 0.1622843687
-0.1548755833 0.1631539956
-0.1548755833 0.1640236225
-0.1548755833 0.1648932494
-0.1548755833 0.1657628763
-0.1548755833 0.1666325032
-0.1548755833 0.1675021301
-0.1548755833 0.1683717570
-0.1548755833 0.1692413839
-0.1548755833 0.1701110108
-0.1548755833 0.1709806377
-0.1548755833 0.1718502646
-0.1548755833 0.1727198915
-0.1548755833 0.1735895184
-0.1548755833 0.1744591453
-0.1548755833 0.1753287722
-0.1548755833 0.1761983992
-0.1548755833 0.1770680261
-0.1548755833 0.1779376530
-0.1548755833 0.1788072799
-0.1548755833 0.1796769068
-0.1548755833 0.1805465337
-0.1548755833 0.1814161606
-0.1548755833 0.1822857875
-0.1548755833 0.1831554144
-0.1548755833 0.1840250413
-0.1548755833 0.1848946682
-0.1548755833 0.1857642951
-0.1548755833 0.1866339220
-0.1548755833 0.1875035489
-0.1548755833 0.1883731758
-0.1548755833 0.1892428027
-0.1548755833 0.1901124296
-0.1548755833 0.1909820565
-0.1548755833 0.1918516834
-0.1548755833 0.1927213103
-0.1548755833 0.1935909372
-0.1548755833 0.1944605641
-0.1548755833 0.1953301910
-0.1548755833 0.1961998179
-0.1548755833 0.1970694448
-0.1548755833 0.1979390717
-0.1548755833 0.1988086986
-0.1548755833 0.1996783255
-0.1548755833 0.2005479524
-0.1548755833 0.2014175793
-0.1548755833 0.2022872062
-0.1548755833 0.2031568331
-0.1548755833 0.2040264600
-0.1548755833 0.2048960869
-0.1548755833 0.2057657138
-0.1548755833 0.2066353408
-0.1548755833 0.2075049677
-0.1548755833 0.2083745946
-0.1548755833 0.2092442215
-0.1548755833 0.2101138484
-0.1548755833 0.2109834753
-0.1548755833 0.2118531022
-0.1548755833 0.2127227291
-0.1548755833 0.2135923560
-0.1548755833 0.2144619829
-0.1548755833 0.2153316098
-0.1548755833 0.2162012367
-0.1548755833 0.2170708636
-0.1548755833 0.2179404905
-0.1548755833 0.2188101174
-0.1548755833 0.2196797443
-0.1548755833 0.2205493712
-0.1548755833 0.2214189981
-0.1548755833 0.2222886250
-0.1548755833 0.2231582519
-0.1548755833 0.2240278788
-0.1548755833 0.2248975057
-0.1548755833 0.2257671326
-0.1548755833 0.2266367595
-0.1548755833 0.2275063864
-0.1548755833 0.2283760133
-0.1548755833 0.2292456402
-0.1548755833 0.2301152671
-0.1548755833 0.2309848940
-0.1548755833 0.2318545209
-0.1548755833 0.2327241478
-0.1548755833 0.2335937747
-0.1548755833 0.2344634016
-0.1548755833 0.2353330285
-0.1548755833 0.2362026554
-0.1548755833 0.2370722824
-0.1548755833 0.2379419093
-0.1548755833 0.2388115362
-0.1548755833 0.2396811631
-0.1548755833 0.2405507900
-0.1548755833 0.2414204169
-0.1548755833 0.2422900438
-0.1548755833 0.2431596707
-0.1548755833 0.2440292976
-0.1548755833 0.2448989245
-0.1548755833 0.2457685514
-0.1548755833 0.2466381783
-0.1548755833 0.2475078052
-0.1548755833 0.2483774321
-0.1548755833 0.2492470590
-0.1548755833 0.2501166859
-0.1548755833 0.2509863128
-0.1548755833 0.2518559397
-0.1548755833 0.2527255666
-0.1548755833 0.2535951935
-0.1548755833 0.2544648204
-0.1548755833 0.2553344473
-0.1548755833 0.2562040742
-0.1548755833 0.2570737011
-0.1548755833 0.2579433280
-0.1548755833 0.2588129549
-0.1548755833 0.2596825818
-0.1548755833 0.2605522087
-0.1548755833 0.2614218356
-0.1548755833 0.2622914625
-0.1548755833 0.2631610894
-0.1548755833 0.2640307163
-0.1548755833 0.2649003432
-0.1548755833 0.2657699701
-0.1548755833 0.2666395970
-0.1548755833 0.2675092240
-0.1548755833 0.2683788509
-0.1548755833 0.2692484778
-0.1548755833 0.2701181047
-0.1548755833 0.2709877316
-0.1548755833 0.2718573585
-0.1548755833 0.2727269854
-0.1548755833 0.2735966123
-0.1548755833 0.2744662392
-0.1548755833 0.2753358661
-0.1548755833 0.2762054930
-0.1548755833 0.2770751199
-0.1548755833 0.2779447468
-0.1548755833 0.2788143737
-0.1548755833 0.2796840006
-0.1548755833 0.2805536275
-0.1548755833 0.2814232544
-0.1548755833 0.2822928813
-0.1548755833 0.2831625082
-0.1548755833 0.2840321351
-0.1548755833 0.2849017620
-0.1548755833 0.2857713889
-0.1548755833 0.2866410158
-0.1548755833 0.2875106427
-0.1548755833 0.2883802696
-0.1548755833 0.2892498965
-0.1548755833 0.2901195234
-0.1548755833 0.2909891503
-0.1548755833 0.2918587772
-0.1548755833 0.2927284041
-0.1548755833 0.2935980310
-0.1548755833 0.2944676579
-0.1548755833 0.2953372848
-0.1548755833 0.2962069117
-0.1548755833 0.2970765386
-0.1548755833 0.2979461656
-0.1548755833 0.2988157925
-0.1548755833 0.2996854194
-0.1546268812 0.3004962142
-0.1542398922 0.3012749885
-0.1538559173 0.3020552534
-0.1534747388 0.3028368884
-0.1530961566 0.3036197842
-0.1527199877 0.3044038424
-0.1523460649 0.3051889744
-0.1519742359 0.3059751001
-0.1516043623 0.3067621479
-0.1512363190 0.3075500532
-0.1508699924 0.3083387581
-0.1505052800 0.3091282109
-0.1501420893 0.3099183648
-0.1497803361 0.3107091779
-0.1494199443 0.3115006123
-0.1490608441 0.3122926337
-0.1487029714 0.3130852105
-0.1483462664 0.3138783135
-0.1479906728 0.3146719154
-0.1476361374 0.3154659907
-0.1472826099 0.3162605152
-0.1469300429 0.3170554663
-0.1465783914 0.3178508229
-0.1462276131 0.3186465650
-0.1458776681 0.3194426739
-0.1455285187 0.3202391320
-0.1451801293 0.3210359229
-0.1448324663 0.3218330310
-0.1444854978 0.3226304417
-0.1441391938 0.3234281412
-0.1437935257 0.3242261164
-0.1434484663 0.3250243551
-0.1431039899 0.3258228454
-0.1427600720 0.3266215766
-0.1424166894 0.3274205380
-0.1420738204 0.3282197199
-0.1417314440 0.3290191130
-0.1413895409 0.3298187086
-0.1410480924 0.3306184985
-0.1407070812 0.3314184750
-0.1403664908 0.3322186306
-0.1400263056 0.3330189587
-0.1396865112 0.3338194527
-0.1393470938 0.3346201067
-0.1390080403 0.3354209148
-0.1386693387 0.3362218719
-0.1383309775 0.3370229727
-0.1379929457 0.3378242127
-0.1376552332 0.3386255872
-0.1373178303 0.3394270922
-0.1369807278 0.3402287236
-0.1366439170 0.3410304775
-0.1363073896 0.3418323505
-0.1359711376 0.3426343390
-0.1356351535 0.3434364398
-0.1352994297 0.3442386495
-0.1349639592 0.3450409652
-0.1346287349 0.3458433838
-0.1342937499 0.3466459023
-0.1339589973 0.3474485178
-0.1336244703 0.3482512274
-0.1332901619 0.3490540280
-0.1329560653 0.3498569168
-0.1321818620 0.3499999563
-0.1313122351 0.3499999563
-0.1304426082 0.3499999563
-0.1295729813 0.3499999563
-0.1287033544 0.3499999563
-0.1278337275 0.3499999563
-0.1269641006 0.3499999563
-0.1260944737 0.3499999563
-0.1252248468 0.3499999563
-0.1243552199 0.3499999563
-0.1234855930 0.3499999563
-0.1226159661 0.3499999563
-0.1217463392 0.3499999563
-0.1208767123 0.3499999563
-0.1200070854 0.3499999563
-0.1191374584 0.3499999563
-0.1182678315 0.3499999563
-0.1173982046 0.3499999563
-0.1165285777 0.3499999563
-0.1156589508 0.3499999563
-0.1147893239 0.3499999563
-0.1139196970 0.3499999563
-0.1130500701 0.3499999563
-0.1121804432 0.3499999563
-0.1113108163 0.3499999563
-0.1104411894 0.3499999563
-0.1095715625 0.3499999563
-0.1087019356 0.3499999563
-0.1078323087 0.3499999563
-0.1069626818 0.3499999563
-0.1060930549 0.3499999563
-0.1052234280 0.3499999563
-0.1043538011 0.3499999563
-0.1034841742 0.3499999563
-0.1026145473 0.3499999563
-0.1017449204 0.3499999563
-0.1008752935 0.3499999563
-0.1000056666 0.3499999563
-0.0991360397 0.3499999563
-0.0982664128 0.3499999563
-0.0973967859 0.3499999563
-0.0965271590 0.3499999563
-0.0956575321 0.3499999563
-0.0947879052 0.3499999563
-0.0939182783 0.3499999563
-0.0930486514 0.3499999563
-0.0921790245 0.3499999563
-0.0913093976 0.3499999563
-0.0904397707 0.3499999563
-0.0895701437 0.3499999563
-0.0887005168 0.3499999563
-0.0878308899 0.3499999563
-0.0869612630 0.3499999563
-0.0860916361 0.3499999563
-0.0852220092 0.3499999563
-0.0843523823 0.3499999563
-0.0834827554 0.3499999563
-0.0826131285 0.3499999563
-0.0817435016 0.3499999563
-0.0808738747 0.3499999563
-0.0800042478 0.3499999563
-0.0791346209 0.3499999563
-0.0782649940 0.3499999563
-0.0773953671 0.3499999563
-0.0765257402 0.3499999563
-0.0756561133 0.3499999563
-0.0747864864 0.3499999563
-0.0739168595 0.3499999563
-0.0730472326 0.3499999563
-0.0721776057 0.3499999563
-0.0713079788 0.3499999563
-0.0704383519 0.3499999563
-0.0695687250 0.3499999563
-0.0686990981 0.3499999563
-0.0678294712 0.3499999563
-0.0669598443 0.3499999563
-0.0660902174 0.3499999563
-0.0652205905 0.3499999563
-0.0643509636 0.3499999563
-0.0634813367 0.3499999563
-0.0626117098 0.3499999563
-0.0617420829 0.3499999563
-0.0608724560 0.3499999563
-0.0600028291 0.3499999563
-0.0591332021 0.3499999563
-0.0582635752 0.3499999563
-0.0573939483 0.3499999563
-0.0565243214 0.3499999563
-0.0556546945 0.3499999563
-0.0547850676 0.3499999563
-0.0539154407 0.3499999563
-0.0530458138 0.3499999563
-0.0521761869 0.3499999563
-0.0513065600 0.3499999563
-0.0504369331 0.3499999563
-0.0495673062 0.3499999563
-0.0486976793 0.3499999563
-0.0478280524 0.3499999563
-0.0469584255 0.3499999563
-0.0460887986 0.3499999563
-0.0452191717 0.3499999563
-0.0443495448 0.3499999563
-0.0434799179 0.3499999563
-0.0426102910 0.3499999563
-0.0417406641 0.3499999563
-0.0408710372 0.3499999563
-0.0400014103 0.3499999563
-0.0391317834 0.3499999563
-0.0382621565 0.3499999563
-0.0373925296 0.3499999563
-0.0365229027 0.3499999563
-0.0356532758 0.3499999563
-0.0347836489 0.3499999563
-0.0339140220 0.3499999563
-0.0330443951 0.3499999563
-0.0321747682 0.3499999563
-0.0313051413 0.3499999563
-0.0304355144 0.3499999563
-0.0295658875 0.3499999563
-0.0286962605 0.3499999563
-0.0278266336 0.3499999563
-0.0269570067 0.3499999563
-0.0260873798 0.3499999563
-0.0252177529 0.3499999563
-0.0243481260 0.3499999563
-0.0234784991 0.3499999563
-0.0226088722 0.3499999563
-0.0217392453 0.3499999563
-0.0208696184 0.3499999563
-0.0199999880 0.3499999563
