-0.1811243928 0.0699999563
-0.1811054772 0.0685824213
-0.1810487437 0.0671658958
-0.1809542329 0.0657513884
-0.1808220120 0.0643399066
-0.1806521752 0.0629324555
-0.1804448434 0.0615300373
-0.1802001643 0.0601336508
-0.1799183120 0.0587442903
-0.1795994874 0.0573629453
-0.1792439174 0.0559905994
-0.1788518554 0.0546282299
-0.1784235803 0.0532768070
-0.1779593974 0.0519372932
-0.1774596370 0.0506106422
-0.1769246552 0.0492977988
-0.1763548328 0.0479996980
-0.1757505758 0.0467172641
-0.1751123142 0.0454514105
-0.1744405028 0.0442030385
-0.1737356199 0.0429730371
-0.1729981675 0.0417622823
-0.1722286707 0.0405716363
-0.1714276775 0.0394019470
-0.1705957583 0.0382540473
-0.1697335056 0.0371287547
-0.1688415333 0.0360268705
-0.1679204768 0.0349491794
-0.1669709918 0.0338964489
-0.1659937546 0.0328694286
-0.1649894610 0.0318688499
-0.1639588263 0.0308954254
-0.1629025843 0.0299498482
-0.1618214873 0.0290327918
-0.1607163052 0.0281449091
-0.1595878249 0.0272868325
-0.1584368501 0.0264591730
-0.1572642004 0.0256625200
-0.1560707109 0.0248974409
-0.1548572316 0.0241644804
-0.1536246265 0.0234641605
-0.1523737734 0.0227969800
-0.1511055631 0.0221634140
-0.1498208988 0.0215639135
-0.1485206952 0.0209989057
-0.1472058783 0.0204687927
-0.1458773843 0.0199739522
-0.1445361595 0.0195147365
-0.1431831587 0.0190914726
-0.1418193457 0.0187044620
-0.1404456915 0.0183539802
-0.1390631745 0.0180402768
-0.1376727790 0.0177635753
-0.1362754953 0.0175240727
-0.1348723184 0.0173219395
-0.1334642476 0.0171573196
-0.1320522855 0.0170303304
-0.1306374376 0.0169410622
-0.1292207116 0.0168895786
-0.1278031150 0.0168755515
-0.1263854117 0.0168755515
-0.1249677085 0.0168755515
-0.1235500052 0.0168755515
-0.1221323020 0.0168755515
-0.1207145987 0.0168755515
-0.1192968955 0.0168755515
-0.1178791922 0.0168755515
-0.1164614889 0.0168755515
-0.1150437857 0.0168755515
-0.1136260824 0.0168755515
-0.1122083792 0.0168755515
-0.1107906759 0.0168755515
-0.1093729727 0.0168755515
-0.1079552694 0.0168755515
-0.1065375661 0.0168755515
-0.1051198629 0.0168755515
-0.1037021596 0.0168755515
-0.1022844564 0.0168755515
-0.1008667531 0.0168755515
-0.0999999880 0.0163246133
-0.0999999880 0.0149069101
-0.0999999880 0.0134892068
-0.0999999880 0.0120715036
-0.0999999880 0.0106538003
-0.0999999880 0.0092360971
-0.0999999880 0.0078183938
-0.0999999880 0.0064006905
-0.0999999880 0.0049829873
-0.0999999880 0.0035652840
-0.0999999880 0.0021475808
-0.0999999880 0.0007298775
-0.0993122060 -0.0000000437
-0.0978945028 -0.0000000437
-0.0964767995 -0.0000000437
-0.0950590963 -0.0000000437
-0.0936413930 -0.0000000437
-0.0922236898 -0.0000000437
-0.0908059865 -0.0000000437
-0.0893882832 -0.0000000437
-0.0879705800 -0.0000000437
-0.0865528767 -0.0000000437
-0.0851351735 -0.0000000437
-0.0837174702 -0.0000000437
-0.0822997670 -0.0000000437
-0.0808820637 -0.0000000437
-0.0794643604 -0.0000000437
-0.0780466572 -0.0000000437
-0.0766289539 -0.0000000437
-0.0752112507 -0.0000000437
-0.0737935474 -0.0000000437
-0.0723758442 -0.0000000437
-0.0709581409 -0.0000000437
-0.0695404377 -0.0000000437
-0.0681227344 -0.0000000437
-0.0667050311 -0.0000000437
-0.0652873279 -0.0000000437
-0.0638696246 -0.0000000437
-0.0624519214 -0.0000000437
-0.0610342181 -0.0000000437
-0.0596165149 -0.0000000437
-0.0581988116 -0.0000000437
-0.0567811083 -0.0000000437
-0.0553634051 -0.0000000437
-0.0539457018 -0.0000000437
-0.0525279986 -0.0000000437
-0.0511102953 -0.0000000437
-0.0496925921 -0.0000000437
-0.0482748888 -0.0000000437
-0.0468571856 -0.0000000437
-0.0454394823 -0.0000000437
-0.0440217790 -0.0000000437
-0.0426040758 -0.0000000437
-0.0411863725 -0.0000000437
-0.0397686693 -0.0000000437
-0.0383509660 -0.0000000437
-0.0369332628 -0.0000000437
-0.0355155595 -0.0000000437
-0.0340978562 -0.0000000437
-0.0326801530 -0.0000000437
-0.0312624497 -0.0000000437
-0.0298447465 -0.0000000437
-0.0284270432 -0.0000000437
-0.0270093400 -0.0000000437
-0.0255916367 -0.0000000437
-0.0241739334 -0.0000000437
-0.0227562302 -0.0000000437
-0.0213385269 -0.0000000437
-0.0199208237 -0.0000000437
-0.0185031204 -0.0000000437
-0.0170854172 -0.0000000437
-0.0156677139 -0.0000000437
-0.0142500107 -0.0000000437
-0.0128323074 -0.0000000437
-0.0114146041 -0.0000000437
-0.0099969009 -0.0000000437
-0.0085791976 -0.0000000437
-0.0071614944 -0.0000000437
-0.0057437911 -0.0000000437
-0.0043260879 -0.0000000437
-0.0029083846 -0.0000000437
-0.0014906813 -0.0000000437
-0.0000729781 -0.0000000437
0.0013447252 -0.0000000437
0.0027624284 -0.0000000437
0.0041801317 -0.0000000437
0.0055978349 -0.0000000437
0.0070155382 -0.0000000437
0.0084332414 -0.0000000437
0.0098509447 -0.0000000437
0.0112686480 -0.0000000437
0.0126863512 -0.0000000437
0.0141040545 -0.0000000437
0.0155217577 -0.0000000437
0.0169394610 -0.0000000437
0.0183571642 -0.0000000437
0.0197748675 -0.0000000437
0.0211925708 -0.0000000437
0.0226102740 -0.0000000437
0.0240279773 -0.0000000437
0.0254456805 -0.0000000437
0.0268633838 -0.0000000437
0.0282810870 -0.0000000437
0.0296987903 -0.0000000437
0.0311164935 -0.0000000437
0.0325341968 -0.0000000437
0.0339519001 -0.0000000437
0.0353696033 -0.0000000437
0.0367873066 -0.0000000437
0.0382050098 -0.0000000437
0.0396227131 -0.0000000437
0.0410404163 -0.0000000437
0.0424581196 -0.0000000437
0.0438758229 -0.0000000437
0.0452935261 -0.0000000437
0.0467112294 -0.0000000437
0.0481289326 -0.0000000437
0.0495466359 -0.0000000437
0.0509643391 -0.0000000437
0.0523820424 -0.0000000437
0.0537997457 -0.0000000437
0.0552174489 -0.0000000437
0.0566351522 -0.0000000437
0.0580528554 -0.0000000437
0.0594705587 -0.0000000437
0.0608882619 -0.0000000437
0.0623059652 -0.0000000437
0.0637236684 -0.0000000437
0.0651413717 -0.0000000437
0.0665590750 -0.0000000437
0.0679767782 -0.0000000437
0.0693944815 -0.0000000437
0.0708121847 -0.0000000437
0.0722298880 -0.0000000437
0.0736475912 -0.0000000437
0.0750652945 -0.0000000437
0.0764829978 -0.0000000437
0.0779007010 -0.0000000437
0.0793184043 -0.0000000437
0.0807361075 -0.0000000437
0.0821538108 -0.0000000437
0.0835715140 -0.0000000437
0.0849892173 -0.0000000437
0.0864069205 -0.0000000437
0.0878246238 -0.0000000437
0.0892423271 -0.0000000437
0.0906600303 -0.0000000437
0.0920777336 -0.0000000437
0.0934954368 -0.0000000437
0.0949131401 -0.0000000437
0.0963308433 -0.0000000437
0.0977485466 -0.0000000437
0.0991662499 -0.0000000437
0.1000000120 0.0005838974
0.1000000120 0.0020016007
0.1000000120 0.0034193039
0.1000000120 0.0048370072
0.1000000120 0.0062547105
0.1000000120 0.0076724137
0.1000000120 0.0090901170
0.1000000120 0.0105078202
0.1000000120 0.0119255235
0.1000000120 0.0133432267
0.1000000120 0.0147609300
0.1000000120 0.0161786332
0.1000000120 0.0175963365
0.1000000120 0.0190140398
0.1000000120 0.0204317430
0.1000000120 0.0218494463
0.1000000120 0.0232671495
0.1000000120 0.0246848528
0.1000000120 0.0261025560
0.1000000120 0.0275202593
0.1000000120 0.0289379626
0.1000000120 0.0303556658
0.1000000120 0.0317733691
0.1000000120 0.0331910723
0.1000000120 0.0346087756
0.1000000120 0.0360264788
0.1000000120 0.0374441821
0.1000000120 0.0388618853
0.1000000120 0.0402795886
0.1000000120 0.0416972919
0.1000000120 0.0431149951
0.1000000120 0.0445326984
0.1000000120 0.0459504016
0.1000000120 0.0473681049
0.1000000120 0.0487858081
0.1000000120 0.0502035114
0.1000000120 0.0516212147
0.1000000120 0.0530389179
0.1000000120 0.0544566212
0.1000000120 0.0558743244
0.1000000120 0.0572920277
0.1000000120 0.0587097309
0.1000000120 0.0601274342
0.1000000120 0.0615451374
0.1000000120 0.0629628407
0.1000000120 0.0643805440
0.1000000120 0.0657982472
0.1000000120 0.0672159505
0.1000000120 0.0686336537
0.1000000120 0.0700513570
0.1000000120 0.0714690602
0.1000000120 0.0728867635
0.1000000120 0.0743044668
0.1000000120 0.0757221700
0.1000000120 0.0771398733
0.1000000120 0.0785575765
0.1000000120 0.0799752798
0.1000000120 0.0813929830
0.1000000120 0.0828106863
0.1000000120 0.0842283896
0.1000000120 0.0856460928
0.1000000120 0.0870637961
0.1000000120 0.0884814993
0.1000000120 0.0898992026
0.1000000120 0.0913169058
0.1000000120 0.0927346091
0.1000000120 0.0941523123
0.1000000120 0.0955700156
0.1000000120 0.0969877189
0.1000000120 0.0984054221
0.1000000120 0.0998231254
0.1000000120 0.1012408286
0.1000000120 0.1026585319
0.1000000120 0.1040762351
0.1000000120 0.1054939384
0.1000000120 0.1069116417
0.1000000120 0.1083293449
0.1000000120 0.1097470482
0.1000000120 0.1111647514
0.1000000120 0.1125824547
0.1000000120 0.1140001579
0.1000000120 0.1154178612
0.1000000120 0.1168355644
0.1000000120 0.1182532677
0.1000000120 0.1196709710
0.1000000120 0.1210886742
0.1000000120 0.1225063775
0.1000000120 0.1239240807
0.1000000120 0.1253417840
0.1000000120 0.1267594872
0.1000000120 0.1281771905
0.1000000120 0.1295948938
0.1000000120 0.1310125970
0.1000000120 0.1324303003
0.1000000120 0.1338480035
0.1000000120 0.1352657068
0.1000000120 0.1366834100
0.1000000120 0.1381011133
0.1000000120 0.1395188165
0.1000000120 0.1409365198
0.1000000120 0.1423542231
0.1000000120 0.1437719263
0.1000000120 0.1451896296
0.1000000120 0.1466073328
0.1000000120 0.1480250361
0.1000000120 0.1494427393
0.1000000120 0.1508604426
0.1000000120 0.1522781459
0.1000000120 0.1536958491
0.1000000120 0.1551135524
0.1000000120 0.1565312556
0.1000000120 0.1579489589
0.1000000120 0.1593666621
0.1000000120 0.1607843654
0.1000000120 0.1622020687
0.1000000120 0.1636197719
0.1000000120 0.1650374752
0.1000000120 0.1664551784
0.1000000120 0.1678728817
0.1000000120 0.1692905849
0.1000000120 0.1707082882
0.1000000120 0.1721259914
0.1000000120 0.1735436947
0.1000000120 0.1749613980
0.1000000120 0.1763791012
0.1000000120 0.1777968045
0.1000000120 0.1792145077
0.1000000120 0.1806322110
0.1000000120 0.1820499142
0.1000000120 0.1834676175
0.1000000120 0.1848853208
0.1000000120 0.1863030240
0.1000000120 0.1877207273
0.1000000120 0.1891384305
0.1000000120 0.1905561338
0.1000000120 0.1919738370
0.1000000120 0.1933915403
0.1000000120 0.1948092435
0.1000000120 0.1962269468
0.1000000120 0.1976446501
0.1000000120 0.1990623533
0.0995199116 0.1999999563
0.0981022084 0.1999999563
0.0966845051 0.1999999563
0.0952668019 0.1999999563
0.0938490986 0.1999999563
0.0924313954 0.1999999563
0.0910136921 0.1999999563
0.0895959888 0.1999999563
0.0881782856 0.1999999563
0.0867605823 0.1999999563
0.0853428791 0.1999999563
0.0839251758 0.1999999563
0.0825074726 0.1999999563
0.0810897693 0.1999999563
0.0796720661 0.1999999563
0.0782543628 0.1999999563
0.0768366595 0.1999999563
0.0754189563 0.1999999563
0.0740012530 0.1999999563
0.0725835498 0.1999999563
0.0711658465 0.1999999563
0.0697481433 0.1999999563
0.0683304400 0.1999999563
0.0669127367 0.1999999563
0.0654950335 0.1999999563
0.0640773302 0.1999999563
0.0626596270 0.1999999563
0.0612419237 0.1999999563
0.0598242205 0.1999999563
0.0584065172 0.1999999563
0.0569888140 0.1999999563
0.0555711107 0.1999999563
0.0541534074 0.1999999563
0.0527357042 0.1999999563
0.0513180009 0.1999999563
0.0499002977 0.1999999563
0.0484825944 0.1999999563
0.0470648912 0.1999999563
0.0456471879 0.1999999563
0.0442294846 0.1999999563
0.0428117814 0.1999999563
0.0413940781 0.1999999563
0.0399763749 0.1999999563
0.0385586716 0.1999999563
0.0371409684 0.1999999563
0.0357232651 0.1999999563
0.0343055619 0.1999999563
0.0328878586 0.1999999563
0.0314701553 0.1999999563
0.0300524521 0.1999999563
0.0286347488 0.1999999563
0.0272170456 0.1999999563
0.0257993423 0.1999999563
0.0243816391 0.1999999563
0.0229639358 0.1999999563
0.0215462325 0.1999999563
0.0201285293 0.1999999563
0.0187108260 0.1999999563
0.0172931228 0.1999999563
0.0158754195 0.1999999563
0.0144577163 0.1999999563
0.0130400130 0.1999999563
0.0116223097 0.1999999563
0.0102046065 0.1999999563
0.0100000120 0.2012130650
0.0100000120 0.2026307682
0.0100000120 0.2040484715
0.0100000120 0.2054661748
0.0100000120 0.2068838780
0.0100000120 0.2083015813
0.0100000120 0.2097192845
0.0100000120 0.2111369878
0.0100000120 0.2125546910
0.0100000120 0.2139723943
0.0100000120 0.2153900975
0.0100000120 0.2168078008
0.0100000120 0.2182255041
0.0100000120 0.2196432073
0.0100000120 0.2210609106
0.0100000120 0.2224786138
0.0100000120 0.2238963171
0.0100000120 0.2253140203
0.0100000120 0.2267317236
0.0100000120 0.2281494269
0.0100000120 0.2295671301
0.0100000120 0.2309848334
0.0100000120 0.2324025366
0.0100000120 0.2338202399
0.0100000120 0.2352379431
0.0100000120 0.2366556464
0.0100000120 0.2380733496
0.0100000120 0.2394910529
0.0106426305 0.2406425748
0.0116450981 0.2416450424
0.0126475657 0.2426475100
0.0136500333 0.2436499776
0.0146525009 0.2446524452
0.0156549685 0.2456549128
0.0166574360 0.2466573804
0.0176599036 0.2476598479
0.0186623712 0.2486623155
0.0196648388 0.2496647831
0.0200000120 0.2509436531
0.0200000120 0.2523613564
0.0200000120 0.2537790596
0.0200000120 0.2551967629
0.0200000120 0.2566144661
0.0200000120 0.2580321694
0.0200000120 0.2594498726
0.0200000120 0.2608675759
0.0200000120 0.2622852792
0.0200000120 0.2637029824
0.0200000120 0.2651206857
0.0200000120 0.2665383889
0.0200000120 0.2679560922
0.0200000120 0.2693737954
0.0200000120 0.2707914987
0.0200000120 0.2722092019
0.0200000120 0.2736269052
0.0200000120 0.2750446085
0.0200000120 0.2764623117
0.0200000120 0.2778800150
0.0200000120 0.2792977182
0.0200000120 0.2807154215
0.0200000120 0.2821331247
0.0200000120 0.2835508280
0.0200000120 0.2849685313
0.0200000120 0.2863862345
0.0200000120 0.2878039378
0.0200000120 0.2892216410
0.0200000120 0.2906393443
0.0200000120 0.2920570475
0.0200000120 0.2934747508
0.0200000120 0.2948924540
0.0200000120 0.2963101573
0.0200000120 0.2977278606
0.0200000120 0.2991455638
0.0200000120 0.3005632671
0.0200000120 0.3019809703
0.0200000120 0.3033986736
0.0200000120 0.3048163768
0.0200000120 0.3062340801
0.0200000120 0.3076517834
0.0200000120 0.3090694866
0.0200000120 0.3104871899
0.0200000120 0.3119048931
0.0200000120 0.3133225964
0.0200000120 0.3147402996
0.0200000120 0.3161580029
0.0200000120 0.3175757061
0.0200000120 0.3189934094
0.0200000120 0.3204111127
0.0200000120 0.3218288159
0.0200000120 0.3232465192
0.0200000120 0.3246642224
0.0200000120 0.3260819257
0.0200000120 0.3274996289
0.0200000120 0.3289173322
0.0200000120 0.3303350355
0.0200000120 0.3317527387
0.0200000120 0.3331704420
0.0200000120 0.3345881452
0.0200000120 0.3360058485
0.0200000120 0.3374235517
0.0200000120 0.3388412550
0.0200000120 0.3402589583
0.0200000120 0.3416766615
0.0200000120 0.3430943648
0.0200000120 0.3445120680
0.0200000120 0.3459297713
0.0200000120 0.3473474745
0.0200000120 0.3487651778
0.0201829367 0.3499999563
0.0216006400 0.3499999563
0.0230183432 0.3499999563
0.0244360465 0.3499999563
0.0258537498 0.3499999563
0.0272714530 0.3499999563
0.0286891563 0.3499999563
0.0301068595 0.3499999563
0.0315245628 0.3499999563
0.0329422660 0.3499999563
0.0343599693 0.3499999563
0.0357776726 0.3499999563
0.0371953758 0.3499999563
0.0386130791 0.3499999563
0.0400307823 0.3499999563
0.0414484856 0.3499999563
0.0428661888 0.3499999563
0.0442838921 0.3499999563
0.0457015953 0.3499999563
0.0471192986 0.3499999563
0.0485370019 0.3499999563
0.0499547051 0.3499999563
0.0513724084 0.3499999563
0.0527901116 0.3499999563
0.0542078149 0.3499999563
0.0556255181 0.3499999563
0.0570432214 0.3499999563
0.0584609247 0.3499999563
0.0598786279 0.3499999563
0.0612963312 0.3499999563
0.0627140344 0.3499999563
0.0641317377 0.3499999563
0.0655494409 0.3499999563
0.0669671442 0.3499999563
0.0683848474 0.3499999563
0.0698025507 0.3499999563
0.0712202540 0.3499999563
0.0726379572 0.3499999563
0.0740556605 0.3499999563
0.0754733637 0.3499999563
0.0768910670 0.3499999563
0.0783087702 0.3499999563
0.0797264735 0.3499999563
0.0811441768 0.3499999563
0.0825618800 0.3499999563
0.0839795833 0.3499999563
0.0853972865 0.3499999563
0.0868149898 0.3499999563
0.0882326930 0.3499999563
0.0896503963 0.3499999563
0.0910680995 0.3499999563
0.0924858028 0.3499999563
0.0939035061 0.3499999563
0.0953212093 0.3499999563
0.0967389126 0.3499999563
0.0981566158 0.3499999563
0.0995743191 0.3499999563
0.1009920223 0.3499999563
0.1024097256 0.3499999563
0.1038274289 0.3499999563
0.1052451321 0.3499999563
0.1066628354 0.3499999563
0.1080805386 0.3499999563
0.1094982419 0.3499999563
0.1109159451 0.3499999563
0.1123336484 0.3499999563
0.1137513517 0.3499999563
0.1151690549 0.3499999563
0.1165867582 0.3499999563
0.1180044614 0.3499999563
0.1194221647 0.3499999563
0.1208398679 0.3499999563
0.1222575712 0.3499999563
0.1236752744 0.3499999563
0.1250929777 0.3499999563
0.1265106810 0.3499999563
0.1279283842 0.3499999563
0.1293460875 0.3499999563
0.1307637907 0.3499999563
0.1321814940 0.3499999563
0.1335991972 0.3499999563
0.1350169005 0.3499999563
0.1364346038 0.3499999563
0.1378523070 0.3499999563
0.1392700103 0.3499999563
0.1406877135 0.3499999563
0.1421054168 0.3499999563
0.1435231200 0.3499999563
0.1449408233 0.3499999563
0.1463585265 0.3499999563
0.1477762298 0.3499999563
0.1491939331 0.3499999563
0.1506116363 0.3499999563
0.1520293396 0.3499999563
0.1534470428 0.3499999563
0.1548647461 0.3499999563
0.1562824493 0.3499999563
0.1577001526 0.3499999563
0.1591178559 0.3499999563
0.1605355591 0.3499999563
0.1619532624 0.3499999563
0.1633709656 0.3499999563
0.1647886689 0.3499999563
0.1662063721 0.3499999563
0.1676240754 0.3499999563
0.1690417786 0.3499999563
0.1704594819 0.3499999563
0.1718771852 0.3499999563
0.1732948884 0.3499999563
0.1747125917 0.3499999563
0.1761302949 0.3499999563
0.1775479982 0.3499999563
0.1789657014 0.3499999563
0.1803834047 0.3499999563
0.1818011080 0.3499999563
0.1832188112 0.3499999563
0.1846365145 0.3499999563
0.1860542177 0.3499999563
0.1874719210 0.3499999563
0.1888896242 0.3499999563
0.1903073275 0.3499999563
0.1917250308 0.3499999563
0.1931427340 0.3499999563
0.1945604373 0.3499999563
0.1959781405 0.3499999563
0.1973958438 0.3499999563
0.1988135470 0.3499999563
0.2002312503 0.3499999563
0.2016489535 0.3499999563
0.2030666568 0.3499999563
0.2044843601 0.3499999563
0.2059020633 0.3499999563
0.2073197666 0.3499999563
0.2087374698 0.3499999563
0.2101551731 0.3499999563
0.2115728763 0.3499999563
0.2129905796 0.3499999563
0.2144082829 0.3499999563
0.2158259861 0.3499999563
0.2172436894 0.3499999563
0.2186613926 0.3499999563
0.2200790959 0.3499999563
0.2214967991 0.3499999563
0.2229145024 0.3499999563
0.2243322056 0.3499999563
0.2257499089 0.3499999563
0.2271676122 0.3499999563
0.2285853154 0.3499999563
0.2300030187 0.3499999563
0.2314207219 0.3499999563
0.2328384252 0.3499999563
0.2342561284 0.3499999563
0.2356738317 0.3499999563
0.2370915350 0.3499999563
0.2385092382 0.3499999563
0.2399269415 0.3499999563
0.2413446447 0.3499999563
0.2427623480 0.3499999563
0.2441800512 0.3499999563
0.2455977545 0.3499999563
0.2470154577 0.3499999563
0.2484331610 0.3499999563
0.2498508643 0.3499999563
0.2500000120 0.3487314007
0.2500000120 0.3473136974
0.2500000120 0.3458959942
0.2500000120 0.3444782909
0.2500000120 0.3430605877
0.2500000120 0.3416428844
0.2500000120 0.3402251812
0.2500000120 0.3388074779
0.2500000120 0.3373897746
0.2500000120 0.3359720714
0.2500000120 0.3345543681
0.2500000120 0.3331366649
0.2500000120 0.3317189616
0.2500000120 0.3303012584
0.2500000120 0.3288835551
0.2500000120 0.3274658519
0.2500000120 0.3260481486
0.2500000120 0.3246304453
0.2500000120 0.3232127421
0.2500000120 0.3217950388
0.2500000120 0.3203773356
0.2500000120 0.3189596323
0.2500000120 0.3175419291
0.2500000120 0.3161242258
0.2500000120 0.3147065225
0.2500000120 0.3132888193
0.2500000120 0.3118711160
0.2500000120 0.3104534128
0.2500000120 0.3090357095
0.2500000120 0.3076180063
0.2500000120 0.3062003030
0.2500000120 0.3047825998
0.2500000120 0.3033648965
0.2500000120 0.3019471932
0.2500000120 0.3005294900
0.2500000120 0.2991117867
0.2500000120 0.2976940835
0.2500000120 0.2962763802
0.2500000120 0.2948586770
0.2500000120 0.2934409737
0.2500000120 0.2920232704
0.2500000120 0.2906055672
0.2500000120 0.2891878639
0.2500000120 0.2877701607
0.2500000120 0.2863524574
0.2500000120 0.2849347542
0.2500000120 0.2835170509
0.2500000120 0.2820993476
0.2500000120 0.2806816444
0.2500000120 0.2792639411
0.2500000120 0.2778462379
0.2500000120 0.2764285346
0.2500000120 0.2750108314
0.2500000120 0.2735931281
0.2500000120 0.2721754249
0.2500000120 0.2707577216
0.2500000120 0.2693400183
0.2500000120 0.2679223151
0.2500000120 0.2665046118
0.2500000120 0.2650869086
0.2500000120 0.2636692053
0.2500000120 0.2622515021
0.2500000120 0.2608337988
0.2500000120 0.2594160955
0.2500000120 0.2579983923
0.2500000120 0.2565806890
0.2500000120 0.2551629858
0.2500000120 0.2537452825
0.2500000120 0.2523275793
0.2500000120 0.2509098760
0.2500000120 0.2494921728
0.2500000120 0.2480744695
0.2500000120 0.2466567662
0.2500000120 0.2452390630
0.2500000120 0.2438213597
0.2500000120 0.2424036565
0.2500000120 0.2409859532
0.2500000120 0.2395682500
0.2500000120 0.2381505467
0.2500000120 0.2367328434
0.2500000120 0.2353151402
0.2500000120 0.2338974369
0.2500000120 0.2324797337
0.2500000120 0.2310620304
0.2500000120 0.2296443272
0.2500000120 0.2282266239
0.2500000120 0.2268089207
0.2500000120 0.2253912174
0.2500000120 0.2239735141
0.2500000120 0.2225558109
0.2500000120 0.2211381076
0.2500000120 0.2197204044
0.2500000120 0.2183027011
0.2500000120 0.2168849979
0.2500000120 0.2154672946
0.2500000120 0.2140495913
0.2500000120 0.2126318881
0.2500000120 0.2112141848
0.2500000120 0.2097964816
0.2500000120 0.2083787783
0.2500000120 0.2069610751
0.2500000120 0.2055433718
0.2500000120 0.2041256685
0.2500000120 0.2027079653
0.2500000120 0.2012902620
0.2500000120 0.1998725588
0.2500000120 0.1984548555
0.2500000120 0.1970371523
0.2500000120 0.1956194490
0.2500000120 0.1942017458
0.2500000120 0.1927840425
0.2500000120 0.1913663392
0.2500000120 0.1899486360
0.2500000120 0.1885309327
0.2500000120 0.1871132295
0.2500000120 0.1856955262
0.2500000120 0.1842778230
0.2500000120 0.1828601197
0.2500000120 0.1814424164
0.2500000120 0.1800247132
0.2500000120 0.1786070099
0.2500000120 0.1771893067
0.2500000120 0.1757716034
0.2500000120 0.1743539002
0.2500000120 0.1729361969
0.2500000120 0.1715184937
0.2500000120 0.1701007904
0.2500000120 0.1686830871
0.2500000120 0.1672653839
0.2500000120 0.1658476806
0.2500000120 0.1644299774
0.2500000120 0.1630122741
0.2500000120 0.1615945709
0.2500000120 0.1601768676
0.2500000120 0.1587591643
0.2500000120 0.1573414611
0.2500000120 0.1559237578
0.2500000120 0.1545060546
0.2500000120 0.1530883513
0.2500000120 0.1516706481
0.2500000120 0.1502529448
0.2500000120 0.1488352416
0.2500000120 0.1474175383
0.2500000120 0.1459998350
0.2500000120 0.1445821318
0.2500000120 0.1431644285
0.2500000120 0.1417467253
0.2500000120 0.1403290220
0.2500000120 0.1389113188
0.2500000120 0.1374936155
0.2500000120 0.1360759122
0.2500000120 0.1346582090
0.2500000120 0.1332405057
0.2500000120 0.1318228025
0.2500000120 0.1304050992
0.2500000120 0.1289873960
0.2500000120 0.1275696927
0.2500000120 0.1261519894
0.2500000120 0.1247342862
0.2500000120 0.1233165829
0.2500000120 0.1218988797
0.2500000120 0.1204811764
0.2500000120 0.1190634732
0.2500000120 0.1176457699
0.2500000120 0.1162280667
0.2500000120 0.1148103634
0.2500000120 0.1133926601
0.2500000120 0.1119749569
0.2500000120 0.1105572536
0.2500000120 0.1091395504
0.2500000120 0.1077218471
0.2500000120 0.1063041439
0.2500000120 0.1048864406
0.2500000120 0.1034687373
0.2500000120 0.1020510341
0.2500000120 0.1006333308
0.2500000120 0.0992156276
0.2500000120 0.0977979243
0.2500000120 0.0963802211
0.2500000120 0.0949625178
0.2500000120 0.0935448146
0.2500000120 0.0921271113
0.2500000120 0.0907094080
0.2500000120 0.0892917048
0.2500000120 0.0878740015
0.2500000120 0.0864562983
0.2500000120 0.0850385950
0.2500000120 0.0836208918
0.2500000120 0.0822031885
0.2500000120 0.0807854852
0.2500000120 0.0793677820
0.2500000120 0.0779500787
0.2500000120 0.0765323755
0.2500000120 0.0751146722
0.2500000120 0.0736969690
0.2500000120 0.0722792657
0.2500000120 0.0708615625
0.2500000120 0.0694438592
0.2500000120 0.0680261559
0.2500000120 0.0666084527
0.2500000120 0.0651907494
0.2500000120 0.0637730462
0.2500000120 0.0623553429
0.2500000120 0.0609376397
0.2500000120 0.0595199364
0.2500000120 0.0581022331
0.2500000120 0.0566845299
0.2500000120 0.0552668266
0.2500000120 0.0538491234
0.2500000120 0.0524314201
0.2500000120 0.0510137169
0.2500000120 0.0495960136
0.2500000120 0.0481783103
0.2500000120 0.0467606071
0.2500000120 0.0453429038
0.2500000120 0.0439252006
0.2500000120 0.0425074973
0.2500000120 0.0410897941
0.2500000120 0.0396720908
0.2500000120 0.0382543876
0.2500000120 0.0368366843
0.2500000120 0.0354189810
0.2500000120 0.0340012778
0.2500000120 0.0325835745
0.2500000120 0.0311658713
0.2500000120 0.0297481680
0.2500000120 0.0283304648
0.2500000120 0.0269127615
0.2500000120 0.0254950582
0.2500000120 0.0240773550
0.2500000120 0.0226596517
0.2500000120 0.0212419485
0.2500000120 0.0198242452
0.2500000120 0.0184065420
0.2500000120 0.0169888387
0.2500000120 0.0155711355
0.2500000120 0.0141534322
0.2500000120 0.0127357289
0.2500000120 0.0113180257
0.2500000120 0.0099003224
0.2500000120 0.0084826192
0.2500000120 0.0070649159
0.2500000120 0.0056472127
0.2500000120 0.0042295094
0.2500000120 0.0028118061
0.2500000120 0.0013941029
0.2500000120 -0.0000236004
0.2500000120 -0.0014413036
0.2500000120 -0.0028590069
0.2500000120 -0.0042767101
0.2500000120 -0.0056944134
0.2500000120 -0.0071121166
0.2500000120 -0.0085298199
0.2500000120 -0.0099475232
0.2500000120 -0.0113652264
0.2500000120 -0.0127829297
0.2500000120 -0.0142006329
0.2500000120 -0.0156183362
0.2500000120 -0.0170360394
0.2500000120 -0.0184537427
0.2500000120 -0.0198714460
0.2500000120 -0.0212891492
0.2500000120 -0.0227068525
0.2500000120 -0.0241245557
0.2500000120 -0.0255422590
0.2500000120 -0.0269599622
0.2500000120 -0.0283776655
0.2500000120 -0.0297953688
0.2500000120 -0.0312130720
0.2500000120 -0.0326307753
0.2500000120 -0.0340484785
0.2500000120 -0.0354661818
0.2500000120 -0.0368838850
0.2500000120 -0.0383015883
0.2500000120 -0.0397192915
0.2500000120 -0.0411369948
0.2500000120 -0.0425546981
0.2500000120 -0.0439724013
0.2500000120 -0.0453901046
0.2500000120 -0.0468078078
0.2500000120 -0.0482255111
0.2500000120 -0.0496432143
0.2500000120 -0.0510609176
0.2500000120 -0.0524786209
0.2500000120 -0.0538963241
0.2500000120 -0.0553140274
0.2500000120 -0.0567317306
0.2500000120 -0.0581494339
0.2500000120 -0.0595671371
0.2500000120 -0.0609848404
0.2500000120 -0.0624025436
0.2500000120 -0.0638202469
0.2500000120 -0.0652379502
0.2500000120 -0.0666556534
0.2500000120 -0.0680733567
0.2500000120 -0.0694910599
0.2500000120 -0.0709087632
0.2500000120 -0.0723264664
0.2500000120 -0.0737441697
0.2500000120 -0.0751618730
0.2500000120 -0.0765795762
0.2500000120 -0.0779972795
0.2500000120 -0.0794149827
0.2500000120 -0.0808326860
0.2500000120 -0.0822503892
0.2500000120 -0.0836680925
0.2500000120 -0.0850857958
0.2500000120 -0.0865034990
0.2500000120 -0.0879212023
0.2500000120 -0.0893389055
0.2500000120 -0.0907566088
0.2500000120 -0.0921743120
0.2500000120 -0.0935920153
0.2500000120 -0.0950097185
0.2500000120 -0.0964274218
0.2500000120 -0.0978451251
0.2500000120 -0.0992628283
0.2500000120 -0.1006805316
0.2500000120 -0.1020982348
0.2500000120 -0.1035159381
0.2500000120 -0.1049336413
0.2500000120 -0.1063513446
0.2500000120 -0.1077690479
0.2500000120 -0.1091867511
0.2500000120 -0.1106044544
0.2500000120 -0.1120221576
0.2500000120 -0.1134398609
0.2500000120 -0.1148575641
0.2500000120 -0.1162752674
0.2500000120 -0.1176929706
0.2500000120 -0.1191106739
0.2500000120 -0.1205283772
0.2500000120 -0.1219460804
0.2500000120 -0.1233637837
0.2500000120 -0.1247814869
0.2500000120 -0.1261991902
0.2500000120 -0.1276168934
0.2500000120 -0.1290345967
0.2500000120 -0.1304523000
0.2500000120 -0.1318700032
0.2500000120 -0.1332877065
0.2500000120 -0.1347054097
0.2500000120 -0.1361231130
0.2500000120 -0.1375408162
0.2500000120 -0.1389585195
0.2500000120 -0.1403762227
0.2500000120 -0.1417939260
0.2500000120 -0.1432116293
0.2500000120 -0.1446293325
0.2500000120 -0.1460470358
0.2500000120 -0.1474647390
0.2500000120 -0.1488824423
0.2496999101 -0.1500000437
0.2482822069 -0.1500000437
0.2468645036 -0.1500000437
0.2454468004 -0.1500000437
0.2440290971 -0.1500000437
0.2426113939 -0.1500000437
0.2411936906 -0.1500000437
0.2397759873 -0.1500000437
0.2383582841 -0.1500000437
0.2369405808 -0.1500000437
0.2355228776 -0.1500000437
0.2341051743 -0.1500000437
0.2326874711 -0.1500000437
0.2312697678 -0.1500000437
0.2298520646 -0.1500000437
0.2284343613 -0.1500000437
0.2270166580 -0.1500000437
0.2255989548 -0.1500000437
0.2241812515 -0.1500000437
0.2227635483 -0.1500000437
0.2213458450 -0.1500000437
0.2199281418 -0.1500000437
0.2185104385 -0.1500000437
0.2170927352 -0.1500000437
0.2156750320 -0.1500000437
0.2142573287 -0.1500000437
0.2128396255 -0.1500000437
0.2114219222 -0.1500000437
0.2100042190 -0.1500000437
0.2085865157 -0.1500000437
0.2071688125 -0.1500000437
0.2057511092 -0.1500000437
0.2043334059 -0.1500000437
0.2029157027 -0.1500000437
0.2014979994 -0.1500000437
0.2000802962 -0.1500000437
0.1986625929 -0.1500000437
0.1972448897 -0.1500000437
0.1958271864 -0.1500000437
0.1944094831 -0.1500000437
0.1929917799 -0.1500000437
0.1915740766 -0.1500000437
0.1901563734 -0.1500000437
0.1887386701 -0.1500000437
0.1873209669 -0.1500000437
0.1859032636 -0.1500000437
0.1844855603 -0.1500000437
0.1830678571 -0.1500000437
0.1816501538 -0.1500000437
0.1802324506 -0.1500000437
0.1788147473 -0.1500000437
0.1773970441 -0.1500000437
0.1759793408 -0.1500000437
0.1745616376 -0.1500000437
0.1731439343 -0.1500000437
0.1717262310 -0.1500000437
0.1703085278 -0.1500000437
0.1688908245 -0.1500000437
0.1674731213 -0.1500000437
0.1660554180 -0.1500000437
0.1646377148 -0.1500000437
0.1632200115 -0.1500000437
0.1618023082 -0.1500000437
0.1603846050 -0.1500000437
0.1589669017 -0.1500000437
0.1575491985 -0.1500000437
0.1561314952 -0.1500000437
0.1547137920 -0.1500000437
0.1532960887 -0.1500000437
0.1518783855 -0.1500000437
0.1504606822 -0.1500000437
0.1490429789 -0.1500000437
0.1476252757 -0.1500000437
0.1462075724 -0.1500000437
0.1447898692 -0.1500000437
0.1433721659 -0.1500000437
0.1419544627 -0.1500000437
0.1405367594 -0.1500000437
0.1391190561 -0.1500000437
0.1377013529 -0.1500000437
0.1362836496 -0.1500000437
0.1348659464 -0.1500000437
0.1334482431 -0.1500000437
0.1320305399 -0.1500000437
0.1306128366 -0.1500000437
0.1291951334 -0.1500000437
0.1277774301 -0.1500000437
0.1263597268 -0.1500000437
0.1249420236 -0.1500000437
0.1235243203 -0.1500000437
0.1221066171 -0.1500000437
0.1206889138 -0.1500000437
0.1192712106 -0.1500000437
0.1178535073 -0.1500000437
0.1164358040 -0.1500000437
0.1150181008 -0.1500000437
0.1136003975 -0.1500000437
0.1121826943 -0.1500000437
0.1107649910 -0.1500000437
0.1093472878 -0.1500000437
0.1079295845 -0.1500000437
0.1065118812 -0.1500000437
0.1050941780 -0.1500000437
0.1036764747 -0.1500000437
0.1022587715 -0.1500000437
0.1008410682 -0.1500000437
0.0994233650 -0.1500000437
0.0980056617 -0.1500000437
0.0965879585 -0.1500000437
0.0951702552 -0.1500000437
0.0937525519 -0.1500000437
0.0923348487 -0.1500000437
0.0909171454 -0.1500000437
0.0894994422 -0.1500000437
0.0880817389 -0.1500000437
0.0866640357 -0.1500000437
0.0852463324 -0.1500000437
0.0838286291 -0.1500000437
0.0824109259 -0.1500000437
0.0809932226 -0.1500000437
0.0795755194 -0.1500000437
0.0781578161 -0.1500000437
0.0767401129 -0.1500000437
0.0753224096 -0.1500000437
0.0739047064 -0.1500000437
0.0724870031 -0.1500000437
0.0710692998 -0.1500000437
0.0696515966 -0.1500000437
0.0682338933 -0.1500000437
0.0668161901 -0.1500000437
0.0653984868 -0.1500000437
0.0639807836 -0.1500000437
0.0625630803 -0.1500000437
0.0611453770 -0.1500000437
0.0597276738 -0.1500000437
0.0583099705 -0.1500000437
0.0568922673 -0.1500000437
0.0554745640 -0.1500000437
0.0540568608 -0.1500000437
0.0526391575 -0.1500000437
0.0512214543 -0.1500000437
0.0498037510 -0.1500000437
0.0483860477 -0.1500000437
0.0469683445 -0.1500000437
0.0455506412 -0.1500000437
0.0441329380 -0.1500000437
0.0427152347 -0.1500000437
0.0412975315 -0.1500000437
0.0398798282 -0.1500000437
0.0384621249 -0.1500000437
0.0370444217 -0.1500000437
0.0356267184 -0.1500000437
0.0342090152 -0.1500000437
0.0327913119 -0.1500000437
0.0313736087 -0.1500000437
0.0299559054 -0.1500000437
0.0285382021 -0.1500000437
0.0271204989 -0.1500000437
0.0257027956 -0.1500000437
0.0242850924 -0.1500000437
0.0228673891 -0.1500000437
0.0214496859 -0.1500000437
0.0200319826 -0.1500000437
0.0186142794 -0.1500000437
0.0171965761 -0.1500000437
0.0157788728 -0.1500000437
0.0143611696 -0.1500000437
0.0129434663 -0.1500000437
0.0115257631 -0.1500000437
0.0101080598 -0.1500000437
0.0086903566 -0.1500000437
0.0072726533 -0.1500000437
0.0058549500 -0.1500000437
0.0044372468 -0.1500000437
0.0030195435 -0.1500000437
0.0016018403 -0.1500000437
0.0001841370 -0.1500000437
-0.0012335662 -0.1500000437
-0.0026512695 -0.1500000437
-0.0040689727 -0.1500000437
-0.0054866760 -0.1500000437
-0.0069043793 -0.1500000437
-0.0083220825 -0.1500000437
-0.0097397858 -0.1500000437
-0.0111574890 -0.1500000437
-0.0125751923 -0.1500000437
-0.0139928955 -0.1500000437
-0.0154105988 -0.1500000437
-0.0168283021 -0.1500000437
-0.0182460053 -0.1500000437
-0.0196637086 -0.1500000437
-0.0210814118 -0.1500000437
-0.0224991151 -0.1500000437
-0.0239168183 -0.1500000437
-0.0253345216 -0.1500000437
-0.0267522248 -0.1500000437
-0.0281699281 -0.1500000437
-0.0295876314 -0.1500000437
-0.0310053346 -0.1500000437
-0.0324230379 -0.1500000437
-0.0338407411 -0.1500000437
-0.0352584444 -0.1500000437
-0.0366761476 -0.1500000437
-0.0380938509 -0.1500000437
-0.0395115542 -0.1500000437
-0.0409292574 -0.1500000437
-0.0423469607 -0.1500000437
-0.0437646639 -0.1500000437
-0.0451823672 -0.1500000437
-0.0466000704 -0.1500000437
-0.0480177737 -0.1500000437
-0.0494354770 -0.1500000437
-0.0508531802 -0.1500000437
-0.0522708835 -0.1500000437
-0.0536885867 -0.1500000437
-0.0551062900 -0.1500000437
-0.0565239932 -0.1500000437
-0.0579416965 -0.1500000437
-0.0593593997 -0.1500000437
-0.0607771030 -0.1500000437
-0.0621948063 -0.1500000437
-0.0636125095 -0.1500000437
-0.0650302128 -0.1500000437
-0.0664479160 -0.1500000437
-0.0678656193 -0.1500000437
-0.0692833225 -0.1500000437
-0.0707010258 -0.1500000437
-0.0721187291 -0.1500000437
-0.0735364323 -0.1500000437
-0.0749541356 -0.1500000437
-0.0763718388 -0.1500000437
-0.0777895421 -0.1500000437
-0.0792072453 -0.1500000437
-0.0806249486 -0.1500000437
-0.0820426518 -0.1500000437
-0.0834603551 -0.1500000437
-0.0848780584 -0.1500000437
-0.0862957616 -0.1500000437
-0.0877134649 -0.1500000437
-0.0891311681 -0.1500000437
-0.0905488714 -0.1500000437
-0.0919665746 -0.1500000437
-0.0933842779 -0.1500000437
-0.0948019812 -0.1500000437
-0.0962196844 -0.1500000437
-0.0976373877 -0.1500000437
-0.0990550909 -0.1500000437
-0.1004727942 -0.1500000437
-0.1018904974 -0.1500000437
-0.1033082007 -0.1500000437
-0.1047259040 -0.1500000437
-0.1061436072 -0.1500000437
-0.1075613105 -0.1500000437
-0.1089790137 -0.1500000437
-0.1103967170 -0.1500000437
-0.1118144202 -0.1500000437
-0.1132321235 -0.1500000437
-0.1146498267 -0.1500000437
-0.1160675300 -0.1500000437
-0.1174852333 -0.1500000437
-0.1189029365 -0.1500000437
-0.1203206398 -0.1500000437
-0.1217383430 -0.1500000437
-0.1231560463 -0.1500000437
-0.1245737495 -0.1500000437
-0.1259914528 -0.1500000437
-0.1274091561 -0.1500000437
-0.1288268593 -0.1500000437
-0.1302445626 -0.1500000437
-0.1316622658 -0.1500000437
-0.1330799691 -0.1500000437
-0.1344976723 -0.1500000437
-0.1359153756 -0.1500000437
-0.1373330788 -0.1500000437
-0.1387507821 -0.1500000437
-0.1401684854 -0.1500000437
-0.1415861886 -0.1500000437
-0.1430038919 -0.1500000437
-0.1444215951 -0.1500000437
-0.1458392984 -0.1500000437
-0.1472570016 -0.1500000437
-0.1486747049 -0.1500000437
-0.1500924082 -0.1500000437
-0.1515101114 -0.1500000437
-0.1529278147 -0.1500000437
-0.1543455179 -0.1500000437
-0.1557632212 -0.1500000437
-0.1571809244 -0.1500000437
-0.1585986277 -0.1500000437
-0.1600163309 -0.1500000437
-0.1614340342 -0.1500000437
-0.1628517375 -0.1500000437
-0.1642694407 -0.1500000437
-0.1656871440 -0.1500000437
-0.1671048472 -0.1500000437
-0.1685225505 -0.1500000437
-0.1699402537 -0.1500000437
-0.1713579570 -0.1500000437
-0.1727756603 -0.1500000437
-0.1741933635 -0.1500000437
-0.1756110668 -0.1500000437
-0.1770287700 -0.1500000437
-0.1784464733 -0.1500000437
-0.1798641765 -0.1500000437
-0.1812818798 -0.1500000437
-0.1826995831 -0.1500000437
-0.1841172863 -0.1500000437
-0.1855349896 -0.1500000437
-0.1869526928 -0.1500000437
-0.1883703961 -0.1500000437
-0.1897880993 -0.1500000437
-0.1912058026 -0.1500000437
-0.1926235058 -0.1500000437
-0.1940412091 -0.1500000437
-0.1954589124 -0.1500000437
-0.1968766156 -0.1500000437
-0.1982943189 -0.1500000437
-0.1997120221 -0.1500000437
-0.2011297254 -0.1500000437
-0.2025474286 -0.1500000437
-0.2039651319 -0.1500000437
-0.2053828352 -0.1500000437
-0.2068005384 -0.1500000437
-0.2082182417 -0.1500000437
-0.2096359449 -0.1500000437
-0.2110536482 -0.1500000437
-0.2124713514 -0.1500000437
-0.2138890547 -0.1500000437
-0.2153067579 -0.1500000437
-0.2167244612 -0.1500000437
-0.2181421645 -0.1500000437
-0.2195598677 -0.1500000437
-0.2209775710 -0.1500000437
-0.2223952742 -0.1500000437
-0.2238129775 -0.1500000437
-0.2252306807 -0.1500000437
-0.2266483840 -0.1500000437
-0.2280660873 -0.1500000437
-0.2294837905 -0.1500000437
-0.2309014938 -0.1500000437
-0.2323191970 -0.1500000437
-0.2337369003 -0.1500000437
-0.2351546035 -0.1500000437
-0.2365723068 -0.1500000437
-0.2379900100 -0.1500000437
-0.2394077133 -0.1500000437
-0.2408254166 -0.1500000437
-0.2422431198 -0.1500000437
-0.2436608231 -0.1500000437
-0.2450785263 -0.1500000437
-0.2464962296 -0.1500000437
-0.2479139328 -0.1500000437
-0.2493316361 -0.1500000437
-0.2499999880 -0.1492506924
-0.2499999880 -0.1478329892
-0.2499999880 -0.1464152859
-0.2499999880 -0.1449975827
-0.2499999880 -0.1435798794
-0.2499999880 -0.1421621761
-0.2499999880 -0.1407444729
-0.2499999880 -0.1393267696
-0.2499999880 -0.1379090664
-0.2499999880 -0.1364913631
-0.2499999880 -0.1350736599
-0.2499999880 -0.1336559566
-0.2499999880 -0.1322382533
-0.2499999880 -0.1308205501
-0.2499999880 -0.1294028468
-0.2499999880 -0.1279851436
-0.2499999880 -0.1265674403
-0.2499999880 -0.1251497371
-0.2499999880 -0.1237320338
-0.2499999880 -0.1223143306
-0.2499999880 -0.1208966273
-0.2499999880 -0.1194789240
-0.2499999880 -0.1180612208
-0.2499999880 -0.1166435175
-0.2499999880 -0.1152258143
-0.2499999880 -0.1138081110
-0.2499999880 -0.1123904078
-0.2499999880 -0.1109727045
-0.2499999880 -0.1095550012
-0.2499999880 -0.1081372980
-0.2499999880 -0.1067195947
-0.2499999880 -0.1053018915
-0.2499999880 -0.1038841882
-0.2499999880 -0.1024664850
-0.2499999880 -0.1010487817
-0.2499999880 -0.0996310785
-0.2499999880 -0.0982133752
-0.2499999880 -0.0967956719
-0.2499999880 -0.0953779687
-0.2499999880 -0.0939602654
-0.2499999880 -0.0925425622
-0.2499999880 -0.0911248589
-0.2499999880 -0.0897071557
-0.2499999880 -0.0882894524
-0.2499999880 -0.0868717491
-0.2499999880 -0.0854540459
-0.2499999880 -0.0840363426
-0.2499999880 -0.0826186394
-0.2499999880 -0.0812009361
-0.2499999880 -0.0797832329
-0.2499999880 -0.0783655296
-0.2499999880 -0.0769478264
-0.2499999880 -0.0755301231
-0.2499999880 -0.0741124198
-0.2499999880 -0.0726947166
-0.2499999880 -0.0712770133
-0.2499999880 -0.0698593101
-0.2499999880 -0.0684416068
-0.2499999880 -0.0670239036
-0.2499999880 -0.0656062003
-0.2499999880 -0.0641884970
-0.2499999880 -0.0627707938
-0.2499999880 -0.0613530905
-0.2499999880 -0.0599353873
-0.2499999880 -0.0585176840
-0.2499999880 -0.0570999808
-0.2499999880 -0.0556822775
-0.2499999880 -0.0542645742
-0.2499999880 -0.0528468710
-0.2499999880 -0.0514291677
-0.2499999880 -0.0500114645
-0.2499999880 -0.0485937612
-0.2499999880 -0.0471760580
-0.2499999880 -0.0457583547
-0.2499999880 -0.0443406515
-0.2499999880 -0.0429229482
-0.2499999880 -0.0415052449
-0.2499999880 -0.0400875417
-0.2499999880 -0.0386698384
-0.2499999880 -0.0372521352
-0.2499999880 -0.0358344319
-0.2499999880 -0.0344167287
-0.2499999880 -0.0329990254
-0.2499999880 -0.0315813221
-0.2499999880 -0.0301636189
-0.2499999880 -0.0287459156
-0.2499999880 -0.0273282124
-0.2499999880 -0.0259105091
-0.2499999880 -0.0244928059
-0.2499999880 -0.0230751026
-0.2499999880 -0.0216573994
-0.2499999880 -0.0202396961
-0.2499999880 -0.0188219928
-0.2499999880 -0.0174042896
-0.2499999880 -0.0159865863
-0.2499999880 -0.0145688831
-0.2499999880 -0.0131511798
-0.2499999880 -0.0117334766
-0.2499999880 -0.0103157733
-0.2499999880 -0.0088980700
-0.2499999880 -0.0074803668
-0.2499999880 -0.0060626635
-0.2499999880 -0.0046449603
-0.2499999880 -0.0032272570
-0.2499999880 -0.0018095538
-0.2499999880 -0.0003918505
-0.2499999880 0.0010258527
-0.2499999880 0.0024435560
-0.2499999880 0.0038612593
-0.2499999880 0.0052789625
-0.2499999880 0.0066966658
-0.2499999880 0.0081143690
-0.2499999880 0.0095320723
-0.2499999880 0.0109497755
-0.2499999880 0.0123674788
-0.2499999880 0.0137851821
-0.2499999880 0.0152028853
-0.2499999880 0.0166205886
-0.2499999880 0.0180382918
-0.2499999880 0.0194559951
-0.2499999880 0.0208736983
-0.2499999880 0.0222914016
-0.2499999880 0.0237091049
-0.2499999880 0.0251268081
-0.2499999880 0.0265445114
-0.2499999880 0.0279622146
-0.2499999880 0.0293799179
-0.2499999880 0.0307976211
-0.2499999880 0.0322153244
-0.2499999880 0.0336330276
-0.2499999880 0.0350507309
-0.2499999880 0.0364684342
-0.2499999880 0.0378861374
-0.2499999880 0.0393038407
-0.2499999880 0.0407215439
-0.2499999880 0.0421392472
-0.2499999880 0.0435569504
-0.2499999880 0.0449746537
-0.2499999880 0.0463923570
-0.2499999880 0.0478100602
-0.2499999880 0.0492277635
-0.2499999880 0.0506454667
-0.2499999880 0.0520631700
-0.2499999880 0.0534808732
-0.2499999880 0.0548985765
-0.2499999880 0.0563162797
-0.2499999880 0.0577339830
-0.2499999880 0.0591516863
-0.2499999880 0.0605693895
-0.2499999880 0.0619870928
-0.2499999880 0.0634047960
-0.2499999880 0.0648224993
-0.2499999880 0.0662402025
-0.2499999880 0.0676579058
-0.2499999880 0.0690756091
-0.2499999880 0.0704933123
-0.2499999880 0.0719110156
-0.2499999880 0.0733287188
-0.2499999880 0.0747464221
-0.2499999880 0.0761641253
-0.2499999880 0.0775818286
-0.2499999880 0.0789995319
-0.2499999880 0.0804172351
-0.2499999880 0.0818349384
-0.2499999880 0.0832526416
-0.2499999880 0.0846703449
-0.2499999880 0.0860880481
-0.2499999880 0.0875057514
-0.2499999880 0.0889234546
-0.2499999880 0.0903411579
-0.2499999880 0.0917588612
-0.2499999880 0.0931765644
-0.2499999880 0.0945942677
-0.2499999880 0.0960119709
-0.2499999880 0.0974296742
-0.2499999880 0.0988473774
-0.2499999880 0.1002650807
-0.2499999880 0.1016827840
-0.2499999880 0.1031004872
-0.2499999880 0.1045181905
-0.2499999880 0.1059358937
-0.2499999880 0.1073535970
-0.2499999880 0.1087713002
-0.2499999880 0.1101890035
-0.2499999880 0.1116067067
-0.2499999880 0.1130244100
-0.2499999880 0.1144421133
-0.2499999880 0.1158598165
-0.2499999880 0.1172775198
-0.2499999880 0.1186952230
-0.2499999880 0.1201129263
-0.2499999880 0.1215306295
-0.2499999880 0.1229483328
-0.2499999880 0.1243660361
-0.2499999880 0.1257837393
-0.2499999880 0.1272014426
-0.2499999880 0.1286191458
-0.2499999880 0.1300368491
-0.2499999880 0.1314545523
-0.2499999880 0.1328722556
-0.2499999880 0.1342899588
-0.2499999880 0.1357076621
-0.2499999880 0.1371253654
-0.2499999880 0.1385430686
-0.2499999880 0.1399607719
-0.2499999880 0.1413784751
-0.2499999880 0.1427961784
-0.2499999880 0.1442138816
-0.2499999880 0.1456315849
-0.2499999880 0.1470492882
-0.2499999880 0.1484669914
-0.2499999880 0.1498846947
-0.2499999880 0.1513023979
-0.2499999880 0.1527201012
-0.2499999880 0.1541378044
-0.2499999880 0.1555555077
-0.2499999880 0.1569732110
-0.2499999880 0.1583909142
-0.2499999880 0.1598086175
-0.2499999880 0.1612263207
-0.2499999880 0.1626440240
-0.2499999880 0.1640617272
-0.2499999880 0.1654794305
-0.2499999880 0.1668971337
-0.2499999880 0.1683148370
-0.2499999880 0.1697325403
-0.2499999880 0.1711502435
-0.2499999880 0.1725679468
-0.2499999880 0.1739856500
-0.2499999880 0.1754033533
-0.2499999880 0.1768210565
-0.2499999880 0.1782387598
-0.2499999880 0.1796564631
-0.2499999880 0.1810741663
-0.2499999880 0.1824918696
-0.2499999880 0.1839095728
-0.2499999880 0.1853272761
-0.2499999880 0.1867449793
-0.2499999880 0.1881626826
-0.2499999880 0.1895803858
-0.2499999880 0.1909980891
-0.2499999880 0.1924157924
-0.2499999880 0.1938334956
-0.2499999880 0.1952511989
-0.2499999880 0.1966689021
-0.2499999880 0.1980866054
-0.2499999880 0.1995043086
-0.2499999880 0.2009220119
-0.2499999880 0.2023397152
-0.2499999880 0.2037574184
-0.2499999880 0.2051751217
-0.2499999880 0.2065928249
-0.2499999880 0.2080105282
-0.2499999880 0.2094282314
-0.2499999880 0.2108459347
-0.2499999880 0.2122636379
-0.2499999880 0.2136813412
-0.2499999880 0.2150990445
-0.2499999880 0.2165167477
-0.2499999880 0.2179344510
-0.2499999880 0.2193521542
-0.2499999880 0.2207698575
-0.2499999880 0.2221875607
-0.2499999880 0.2236052640
-0.2499999880 0.2250229673
-0.2499999880 0.2264406705
-0.2499999880 0.2278583738
-0.2499999880 0.2292760770
-0.2499999880 0.2306937803
-0.2499999880 0.2321114835
-0.2499999880 0.2335291868
-0.2499999880 0.2349468901
-0.2499999880 0.2363645933
-0.2499999880 0.2377822966
-0.2499999880 0.2391999998
-0.2499999880 0.2406177031
-0.2499999880 0.2420354063
-0.2499999880 0.2434531096
-0.2499999880 0.2448708128
-0.2499999880 0.2462885161
-0.2499999880 0.2477062194
-0.2499999880 0.2491239226
-0.2499999880 0.2505416259
-0.2499999880 0.2519593291
-0.2499999880 0.2533770324
-0.2499999880 0.2547947356
-0.2499999880 0.2562124389
-0.2499999880 0.2576301422
-0.2499999880 0.2590478454
-0.2499999880 0.2604655487
-0.2499999880 0.2618832519
-0.2499999880 0.2633009552
-0.2499999880 0.2647186584
-0.2499999880 0.2661363617
-0.2499999880 0.2675540649
-0.2499999880 0.2689717682
-0.2499999880 0.2703894715
-0.2499999880 0.2718071747
-0.2499999880 0.2732248780
-0.2499999880 0.2746425812
-0.2499999880 0.2760602845
-0.2499999880 0.2774779877
-0.2499999880 0.2788956910
-0.2499999880 0.2803133943
-0.2499999880 0.2817310975
-0.2499999880 0.2831488008
-0.2499999880 0.2845665040
-0.2499999880 0.2859842073
-0.2499999880 0.2874019105
-0.2499999880 0.2888196138
-0.2499999880 0.2902373170
-0.2499999880 0.2916550203
-0.2499999880 0.2930727236
-0.2499999880 0.2944904268
-0.2499999880 0.2959081301
-0.2499999880 0.2973258333
-0.2499999880 0.2987435366
-0.2499999880 0.3001612398
-0.2499999880 0.3015789431
-0.2499999880 0.3029966464
-0.2499999880 0.3044143496
-0.2499999880 0.3058320529
-0.2499999880 0.3072497561
-0.2499999880 0.3086674594
-0.2499999880 0.3100851626
-0.2499999880 0.3115028659
-0.2499999880 0.3129205692
-0.2499999880 0.3143382724
-0.2499999880 0.3157559757
-0.2499999880 0.3171736789
-0.2499999880 0.3185913822
-0.2499999880 0.3200090854
-0.2499999880 0.3214267887
-0.2499999880 0.3228444919
-0.2499999880 0.3242621952
-0.2499999880 0.3256798985
-0.2499999880 0.3270976017
-0.2499999880 0.3285153050
-0.2499999880 0.3299330082
-0.2499999880 0.3313507115
-0.2499999880 0.3327684147
-0.2499999880 0.3341861180
-0.2499999880 0.3356038213
-0.2499999880 0.3370215245
-0.2499999880 0.3384392278
-0.2499999880 0.3398569310
-0.2499999880 0.3412746343
-0.2499999880 0.3426923375
-0.2499999880 0.3441100408
-0.2499999880 0.3455277440
-0.2499999880 0.3469454473
-0.2499999880 0.3483631506
-0.2499999880 0.3497808538
-0.2488013872 0.3499999563
-0.2473836840 0.3499999563
-0.2459659807 0.3499999563
-0.2445482775 0.3499999563
-0.2431305742 0.3499999563
-0.2417128710 0.3499999563
-0.2402951677 0.3499999563
-0.2388774644 0.3499999563
-0.2374597612 0.3499999563
-0.2360420579 0.3499999563
-0.2346243547 0.3499999563
-0.2332066514 0.3499999563
-0.2317889482 0.3499999563
-0.2303712449 0.3499999563
-0.2289535417 0.3499999563
-0.2275358384 0.3499999563
-0.2261181351 0.3499999563
-0.2247004319 0.3499999563
-0.2232827286 0.3499999563
-0.2218650254 0.3499999563
-0.2204473221 0.3499999563
-0.2190296189 0.3499999563
-0.2176119156 0.3499999563
-0.2161942123 0.3499999563
-0.2147765091 0.3499999563
-0.2133588058 0.3499999563
-0.2119411026 0.3499999563
-0.2105233993 0.3499999563
-0.2091056961 0.3499999563
-0.2076879928 0.3499999563
-0.2062702896 0.3499999563
-0.2048525863 0.3499999563
-0.2034348830 0.3499999563
-0.2026861096 0.3489970844
-0.2021409686 0.3476883813
-0.2015952337 0.3463799258
-0.2010488750 0.3450717306
-0.2005018626 0.3437638086
-0.1999541659 0.3424561730
-0.1994057530 0.3411488377
-0.1988565899 0.3398418173
-0.1983066403 0.3385351276
-0.1977558650 0.3372287857
-0.1972042208 0.3359228105
-0.1966516607 0.3346172227
-0.1960981327 0.3333120448
-0.1955435797 0.3320073022
-0.1949879385 0.3307030226
-0.1944311396 0.3293992368
-0.1938731064 0.3280959788
-0.1933137549 0.3267932862
-0.1927529928 0.3254912000
-0.1921907194 0.3241897659
-0.1916268244 0.3228890335
-0.1910611880 0.3215890575
-0.1904936797 0.3202898976
-0.1899241567 0.3189916196
-0.1893524625 0.3176942964
-0.1887784250 0.3163980082
-0.1882018552 0.3151028445
-0.1876225456 0.3138089040
-0.1870402683 0.3125162962
-0.1864547732 0.3112251429
-0.1858657804 0.3099355815
-0.1852729687 0.3086477713
-0.1846759627 0.3073619002
-0.1840743208 0.3060781919
-0.1834675225 0.3047969131
-0.1828549570 0.3035183818
-0.1822359114 0.3022429759
-0.1816095594 0.3009711428
-0.1811243928 0.2996678830
-0.1811243928 0.2982501798
-0.1811243928 0.2968324765
-0.1811243928 0.2954147733
-0.1811243928 0.2939970700
-0.1811243928 0.2925793668
-0.1811243928 0.2911616635
-0.1811243928 0.2897439602
-0.1811243928 0.2883262570
-0.1811243928 0.2869085537
-0.1811243928 0.2854908505
-0.1811243928 0.2840731472
-0.1811243928 0.2826554440
-0.1811243928 0.2812377407
-0.1811243928 0.2798200375
-0.1811243928 0.2784023342
-0.1811243928 0.2769846309
-0.1811243928 0.2755669277
-0.1811243928 0.2741492244
-0.1811243928 0.2727315212
-0.1811243928 0.2713138179
-0.1811243928 0.2698961147
-0.1811243928 0.2684784114
-0.1811243928 0.2670607081
-0.1811243928 0.2656430049
-0.1811243928 0.2642253016
-0.1811243928 0.2628075984
-0.1811243928 0.2613898951
-0.1811243928 0.2599721919
-0.1811243928 0.2585544886
-0.1811243928 0.2571367854
-0.1811243928 0.2557190821
-0.1811243928 0.2543013788
-0.1811243928 0.2528836756
-0.1811243928 0.2514659723
-0.1811243928 0.2500482691
-0.1811243928 0.2486305658
-0.1811243928 0.2472128626
-0.1811243928 0.2457951593
-0.1811243928 0.2443774560
-0.1811243928 0.2429597528
-0.1811243928 0.2415420495
-0.1811243928 0.2401243463
-0.1811243928 0.2387066430
-0.1811243928 0.2372889398
-0.1811243928 0.2358712365
-0.1811243928 0.2344535333
-0.1811243928 0.2330358300
-0.1811243928 0.2316181267
-0.1811243928 0.2302004235
-0.1811243928 0.2287827202
-0.1811243928 0.2273650170
-0.1811243928 0.2259473137
-0.1811243928 0.2245296105
-0.1811243928 0.2231119072
-0.1811243928 0.2216942039
-0.1811243928 0.2202765007
-0.1811243928 0.2188587974
-0.1811243928 0.2174410942
-0.1811243928 0.2160233909
-0.1811243928 0.2146056877
-0.1811243928 0.2131879844
-0.1811243928 0.2117702811
-0.1811243928 0.2103525779
-0.1811243928 0.2089348746
-0.1811243928 0.2075171714
-0.1811243928 0.2060994681
-0.1811243928 0.2046817649
-0.1811243928 0.2032640616
-0.1811243928 0.2018463584
-0.1811243928 0.2004286551
-0.1811243928 0.1990109518
-0.1811243928 0.1975932486
-0.1811243928 0.1961755453
-0.1811243928 0.1947578421
-0.1811243928 0.1933401388
-0.1811243928 0.1919224356
-0.1811243928 0.1905047323
-0.1811243928 0.1890870290
-0.1811243928 0.1876693258
-0.1811243928 0.1862516225
-0.1811243928 0.1848339193
-0.1811243928 0.1834162160
-0.1811243928 0.1819985128
-0.1811243928 0.1805808095
-0.1811243928 0.1791631063
-0.1811243928 0.1777454030
-0.1811243928 0.1763276997
-0.1811243928 0.1749099965
-0.1811243928 0.1734922932
-0.1811243928 0.1720745900
-0.1811243928 0.1706568867
-0.1811243928 0.1692391835
-0.1811243928 0.1678214802
-0.1811243928 0.1664037769
-0.1811243928 0.1649860737
-0.1811243928 0.1635683704
-0.1811243928 0.1621506672
-0.1811243928 0.1607329639
-0.1811243928 0.1593152607
-0.1811243928 0.1578975574
-0.1811243928 0.1564798542
-0.1811243928 0.1550621509
-0.1811243928 0.1536444476
-0.1811243928 0.1522267444
-0.1811243928 0.1508090411
-0.1811243928 0.1493913379
-0.1811243928 0.1479736346
-0.1811243928 0.1465559314
-0.1811243928 0.1451382281
-0.1811243928 0.1437205248
-0.1811243928 0.1423028216
-0.1811243928 0.1408851183
-0.1811243928 0.1394674151
-0.1811243928 0.1380497118
-0.1811243928 0.1366320086
-0.1811243928 0.1352143053
-0.1811243928 0.1337966020
-0.1811243928 0.1323788988
-0.1811243928 0.1309611955
-0.1811243928 0.1295434923
-0.1811243928 0.1281257890
-0.1811243928 0.1267080858
-0.1811243928 0.1252903825
-0.1811243928 0.1238726793
-0.1811243928 0.1224549760
-0.1811243928 0.1210372727
-0.1811243928 0.1196195695
-0.1811243928 0.1182018662
-0.1811243928 0.1167841630
-0.1811243928 0.1153664597
-0.1811243928 0.1139487565
-0.1811243928 0.1125310532
-0.1811243928 0.1111133499
-0.1811243928 0.1096956467
-0.1811243928 0.1082779434
-0.1811243928 0.1068602402
-0.1811243928 0.1054425369
-0.1811243928 0.1040248337
-0.1811243928 0.1026071304
-0.1811243928 0.1011894272
-0.1811243928 0.0997717239
-0.1811243928 0.0983540206
-0.1811243928 0.0969363174
-0.1811243928 0.0955186141
-0.1811243928 0.0941009109
-0.1811243928 0.0926832076
-0.1811243928 0.0912655044
-0.1811243928 0.0898478011
-0.1811243928 0.0884300978
-0.1811243928 0.0870123946
-0.1811243928 0.0855946913
-0.1811243928 0.0841769881
-0.1811243928 0.0827592848
-0.1811243928 0.0813415816
-0.1811243928 0.0799238783
-0.1811243928 0.0785061751
-0.1811243928 0.0770884718
-0.1811243928 0.0756707685
-0.1811243928 0.0742530653
-0.1811243928 0.0728353620
-0.1811243928 0.0714176588
-0.1811243928 0.0699999563
